BU,20131009,4458,4458,4598,4658,4470,4476,4532,18,74,318682,1444431.30 ,65246,
BU,20131010,4476,4532,4460,4522,4452,4502,4494,-30,-38,204880,921073.73 ,54008,
BU,20131011,4502,4494,4510,4524,4456,4466,4492,-28,-2,180100,809156.86 ,60936,
BU,20131014,4466,4492,4476,4490,4434,4444,4456,-48,-36,148998,664122.62 ,67386,
BU,20131015,4444,4456,4448,4494,4436,4442,4462,-14,6,201544,899332.13 ,63700,
BU,20131016,4442,4462,4428,4484,4428,4432,4452,-30,-10,206374,918818.82 ,67078,
BU,20131017,4432,4452,4448,4460,4408,4410,4434,-42,-18,142864,633465.31 ,73002,
BU,20131018,4410,4434,4412,4430,4402,4404,4414,-30,-20,88740,391792.92 ,75164,
BU,20131021,4404,4414,4410,4466,4406,4452,4448,38,34,154962,689381.82 ,58838,
BU,20131022,4452,4448,4444,4454,4428,4440,4436,-8,-12,57890,256906.35 ,56140,
BU,20131023,4440,4436,4432,4444,4408,4436,4426,0,-10,85280,377453.06 ,54076,
BU,20131024,4436,4426,4434,4482,4426,4458,4458,32,32,161110,718463.39 ,53534,
BU,20131025,4458,4458,4460,4464,4406,4406,4420,-52,-38,115570,510926.61 ,40222,
BU,20131028,4406,4420,4410,4412,4250,4268,4306,-152,-114,355282,1530347.04 ,93932,
BU,20131029,4268,4306,4266,4288,4248,4270,4264,-36,-42,231734,988547.33 ,92778,
BU,20131030,4270,4264,4270,4328,4228,4316,4278,52,14,391474,1674866.32 ,60394,
BU,20131031,4316,4278,4308,4324,4288,4292,4304,14,26,128838,554643.62 ,53198,
BU,20131101,4292,4304,4288,4340,4256,4310,4306,6,2,191472,824498.14 ,42912,
BU,20131104,4310,4306,4280,4336,4276,4314,4314,8,8,93718,404414.76 ,42202,
BU,20131105,4314,4314,4310,4332,4264,4308,4296,-6,-18,125920,541100.66 ,39746,
BU,20131106,4308,4296,4300,4316,4290,4308,4304,12,8,71154,306283.93 ,41692,
BU,20131107,4308,4304,4312,4324,4268,4274,4292,-30,-12,113300,486358.17 ,61360,
BU,20131108,4274,4292,4272,4284,4252,4260,4266,-32,-26,103258,440582.97 ,67934,
BU,20131111,4260,4266,4262,4286,4254,4278,4272,12,6,61468,262623.84 ,63250,
BU,20131112,4278,4272,4272,4308,4268,4304,4290,32,18,88114,378042.98 ,50388,
BU,20131113,4304,4290,4280,4290,4262,4286,4274,-4,-16,65264,278983.74 ,52474,
BU,20131114,4286,4274,4298,4302,4264,4266,4284,-8,10,51534,220866.85 ,56440,
BU,20131115,4266,4284,4266,4284,4246,4270,4268,-14,-16,105770,451506.16 ,56028,
BU,20131118,4270,4268,4278,4314,4272,4292,4294,24,26,49598,212976.78 ,51044,
BU,20131119,4292,4294,4280,4306,4264,4296,4284,2,-10,72202,309445.55 ,53148,
BU,20131120,4296,4284,4296,4326,4296,4310,4310,26,26,75654,326124.87 ,52326,
BU,20131121,4310,4310,4306,4312,4288,4298,4300,-12,-10,33340,143374.10 ,50446,
BU,20131122,4298,4300,4312,4350,4308,4338,4322,38,22,75342,325729.89 ,50256,
BU,20131125,4338,4322,4336,4368,4316,4356,4338,34,16,84024,364509.48 ,51864,
BU,20131126,4356,4338,4360,4444,4350,4370,4400,32,62,221656,975664.94 ,47304,
BU,20131127,4370,4400,4366,4384,4332,4336,4348,-64,-52,76758,333890.84 ,43306,
BU,20131128,4336,4348,4330,4358,4318,4346,4340,-2,-8,47474,206071.42 ,38930,
BU,20131129,4346,4340,4352,4366,4332,4352,4348,12,8,41974,182580.90 ,36782,
BU,20131202,4352,4348,4362,4372,4340,4354,4352,6,4,46012,200305.19 ,38472,
BU,20131203,4354,4352,4360,4410,4352,4382,4380,30,28,81870,358712.12 ,41354,
BU,20131204,4382,4380,4408,4412,4378,4388,4396,8,16,93100,409279.52 ,46282,
BU,20131205,4388,4396,4398,4406,4372,4376,4386,-20,-10,57462,252044.10 ,39522,
BU,20131206,4376,4386,4382,4430,4360,4424,4402,38,16,135882,598262.75 ,59890,
BU,20131209,4424,4402,4426,4442,4376,4396,4406,-6,4,119214,525450.63 ,46882,
BU,20131210,4396,4406,4398,4408,4380,4388,4392,-18,-14,50566,222135.88 ,46356,
BU,20131211,4388,4392,4390,4404,4380,4390,4390,-2,-2,33290,146199.04 ,44676,
BU,20131212,4390,4390,4398,4420,4372,4388,4392,-2,2,79410,348891.03 ,49622,
BU,20131213,4388,4392,4388,4388,4302,4370,4352,-22,-40,86970,378583.15 ,46132,
BU,20131216,4370,4352,4378,4382,4334,4360,4358,8,6,34804,151679.44 ,42952,
BU,20131217,4360,4358,4360,4364,4328,4330,4344,-28,-14,35108,152514.35 ,42262,
BU,20131218,4330,4344,4330,4340,4314,4334,4328,-10,-16,22778,98610.72 ,41638,
BU,20131219,4334,4328,4334,4350,4326,4326,4336,-2,8,14012,60756.38 ,40540,
BU,20131220,4326,4336,4326,4350,4314,4316,4328,-20,-8,30948,133973.60 ,43002,
BU,20131223,4316,4328,4314,4330,4306,4330,4320,2,-8,22338,96501.77 ,41614,
BU,20131224,4330,4320,4328,4334,4316,4326,4326,6,6,15596,67473.16 ,41882,
BU,20131225,4326,4326,4326,4356,4324,4338,4336,12,10,16528,71690.39 ,43250,
BU,20131226,4338,4336,4342,4344,4268,4282,4304,-54,-32,66716,287159.70 ,51334,
BU,20131227,4282,4304,4276,4328,4262,4316,4298,12,-6,57464,247013.77 ,43832,
BU,20131230,4316,4298,4320,4340,4312,4334,4326,36,28,22012,95266.29 ,38628,
BU,20131231,4334,4326,4320,4324,4292,4304,4308,-22,-18,23528,101385.77 ,40424,
BU,20140102,4304,4308,4302,4314,4282,4290,4294,-18,-14,22642,97225.23 ,41304,
BU,20140103,4290,4294,4282,4292,4254,4278,4272,-16,-22,22232,94997.80 ,40832,
BU,20140106,4278,4272,4270,4306,4262,4284,4282,12,10,15122,64764.47 ,40442,
BU,20140107,4284,4282,4272,4288,4248,4248,4262,-34,-20,23584,100539.03 ,43496,
BU,20140108,4248,4262,4246,4276,4206,4272,4246,10,-16,36410,154641.47 ,40892,
BU,20140109,4272,4246,4266,4312,4264,4282,4288,36,42,22262,95464.88 ,38102,
BU,20140110,4282,4288,4280,4306,4256,4282,4286,-6,-2,9368,40162.41 ,37350,
BU,20140113,4282,4286,4280,4318,4276,4308,4302,22,16,11788,50721.24 ,35994,
BU,20140114,4308,4302,4310,4346,4302,4342,4326,40,24,17872,77333.63 ,34526,
BU,20140115,4342,4326,4320,4378,4318,4370,4356,44,30,21692,94522.98 ,37610,
BU,20140116,4370,4356,4380,4498,4354,4364,4372,8,16,14170,61965.62 ,34698,
BU,20140117,4364,4372,4374,4384,4346,4354,4364,-18,-8,12816,55952.35 ,34078,
BU,20140120,4354,4364,4358,4376,4330,4354,4358,-10,-6,13012,56723.58 ,30362,
BU,20140121,4354,4358,4360,4366,4336,4348,4352,-10,-6,7672,33399.87 ,30250,
BU,20140122,4348,4352,4370,4374,4344,4350,4360,-2,8,5568,24279.40 ,29270,
BU,20140123,4350,4360,4360,4360,4350,4356,4354,-4,-6,2362,10285.39 ,28012,
BU,20140124,4356,4354,4356,4374,4352,4360,4362,6,8,7500,32725.38 ,24262,
BU,20140127,4360,4362,4350,4386,4350,4372,4376,10,14,7680,33608.61 ,21986,
BU,20140128,4372,4376,4372,4390,4366,4372,4376,-4,0,6692,29288.30 ,18726,
BU,20140129,4372,4376,4368,4374,4328,4372,4346,-4,-30,6764,29404.50 ,17070,
BU,20140130,4372,4346,4370,4438,4352,4390,4388,44,42,6080,26687.88 ,16488,
BU,20140207,4390,4388,4392,4428,4392,4428,4420,40,32,8012,35424.46 ,14312,
BU,20140210,4428,4420,4428,4444,4386,4426,4418,6,-2,7392,32668.19 ,12128,
BU,20140211,4426,4418,4402,4426,4402,4424,4420,6,2,3824,16906.09 ,11000,
BU,20140212,4424,4420,4420,4420,4290,4292,4374,-128,-46,6856,29990.49 ,7306,
BU,20140213,4292,4374,4312,4346,4206,4246,4264,-128,-110,196,835.94 ,7180,
BU,20140214,4434,4434,4436,4440,4394,4394,4406,-40,-28,7306,32199.15 ,10074,
BU,20140217,4394,4406,4394,4420,4364,4404,4388,-2,-18,12282,53906.39 ,11250,
BU,20140218,4404,4388,4402,4412,4382,4400,4396,12,8,7886,34670.83 ,11266,
BU,20140219,4400,4396,4408,4420,4380,4388,4396,-8,0,6848,30104.05 ,10950,
BU,20140220,4388,4396,4384,4392,4328,4370,4356,-26,-40,18446,80383.67 ,12872,
BU,20140221,4370,4356,4368,4372,4336,4366,4354,10,-2,9540,41541.20 ,13634,
BU,20140224,4366,4354,4362,4370,4346,4350,4354,-4,0,6308,27470.99 ,13500,
BU,20140225,4350,4354,4356,4368,4346,4350,4356,-4,2,6042,26321.96 ,13292,
BU,20140226,4350,4356,4354,4356,4230,4272,4266,-84,-90,31196,133100.62 ,20326,
BU,20140227,4272,4266,4268,4296,4254,4276,4280,10,14,12582,53858.84 ,19370,
BU,20140228,4276,4280,4274,4280,4258,4274,4268,-6,-12,7212,30791.90 ,17956,
BU,20140303,4274,4268,4286,4288,4256,4264,4266,-4,-2,6312,26933.12 ,18216,
BU,20140304,4264,4266,4264,4276,4246,4250,4258,-16,-8,11122,47367.89 ,19830,
BU,20140305,4250,4258,4256,4294,4254,4270,4268,12,10,6428,27441.33 ,19014,
BU,20140306,4270,4268,4266,4268,4228,4262,4252,-6,-16,11586,49278.64 ,19824,
BU,20140307,4262,4252,4268,4278,4238,4244,4250,-8,-2,13108,55734.79 ,23018,
BU,20140310,4244,4250,4232,4238,4154,4192,4192,-58,-58,32022,134275.16 ,29034,
BU,20140311,4192,4192,4188,4238,4182,4220,4212,28,20,15872,66869.97 ,27614,
BU,20140312,4220,4212,4208,4210,4160,4190,4186,-22,-26,12222,51179.48 ,28124,
BU,20140313,4190,4186,4188,4198,4178,4190,4188,4,2,11154,46718.10 ,30972,
BU,20140314,4190,4188,4184,4192,4160,4188,4180,0,-8,9806,41004.33 ,30102,
BU,20140317,4188,4180,4190,4206,4176,4188,4190,8,10,9640,40408.34 ,29934,
BU,20140318,4188,4190,4186,4198,4182,4194,4190,4,0,7580,31767.27 ,29254,
BU,20140319,4194,4190,4196,4230,4194,4214,4212,24,22,19336,81475.90 ,30732,
BU,20140320,4214,4212,4226,4236,4216,4218,4222,6,10,11094,46856.41 ,29816,
BU,20140321,4218,4222,4216,4226,4196,4220,4210,-2,-12,11518,48498.42 ,29108,
BU,20140324,4220,4210,4218,4236,4218,4228,4226,18,16,9510,40192.62 ,28672,
BU,20140325,4228,4226,4228,4254,4220,4238,4236,12,10,13670,57924.40 ,25784,
BU,20140326,4238,4236,4236,4248,4212,4218,4230,-18,-6,12960,54837.80 ,25618,
BU,20140327,4218,4230,4220,4222,4206,4214,4214,-16,-16,8936,37657.85 ,24592,
BU,20140328,4214,4214,4212,4218,4046,4170,4174,-44,-40,31536,131650.02 ,27736,
BU,20140331,4170,4174,4290,4290,4168,4170,4214,-4,40,14006,59040.29 ,25560,
BU,20140401,4170,4214,4166,4184,4160,4178,4174,-36,-40,4980,20791.34 ,26260,
BU,20140402,4178,4174,4174,4180,4138,4142,4154,-32,-20,11914,49494.35 ,28378,
BU,20140403,4142,4154,4138,4146,4090,4114,4114,-40,-40,15724,64710.28 ,33228,
BU,20140404,4114,4114,4114,4132,4112,4126,4120,12,6,8518,35102.93 ,29688,
BU,20140408,4126,4120,4128,4182,4124,4148,4158,28,38,16012,66598.42 ,27646,
BU,20140409,4148,4158,4152,4166,4146,4152,4156,-6,-2,6380,26516.34 ,27998,
BU,20140410,4152,4156,4154,4154,4136,4146,4146,-10,-10,8100,33583.40 ,29842,
BU,20140411,4146,4146,4142,4160,4138,4158,4146,12,0,4966,20594.02 ,29742,
BU,20140414,4158,4146,4160,4230,4160,4210,4200,64,54,20108,84467.59 ,27804,
BU,20140415,4210,4200,4230,4232,4206,4212,4212,12,12,3886,16373.08 ,26808,
BU,20140416,4212,4212,4210,4226,4184,4192,4202,-20,-10,17076,71754.31 ,27910,
BU,20140417,4192,4202,4194,4196,4168,4178,4180,-24,-22,9766,40822.72 ,27012,
BU,20140418,4178,4180,4178,4184,4160,4174,4170,-6,-10,10082,42054.22 ,25014,
BU,20140421,4174,4170,4182,4198,4130,4156,4154,-14,-16,9382,38976.56 ,23928,
BU,20140422,4156,4154,4154,4160,4132,4160,4142,6,-12,10482,43437.39 ,22818,
BU,20140423,4160,4142,4162,4162,4142,4158,4148,16,6,6088,25263.29 ,22736,
BU,20140424,4158,4148,4156,4190,4152,4186,4174,38,26,9354,39053.35 ,22058,
BU,20140425,4186,4174,4184,4196,4168,4176,4174,2,0,5458,22782.90 ,22086,
BU,20140428,4176,4174,4170,4192,4166,4188,4174,14,0,9982,41673.17 ,21758,
BU,20140429,4188,4174,4188,4190,4172,4180,4178,6,4,8300,34688.71 ,21334,
BU,20140430,4180,4178,4186,4210,4174,4206,4196,28,18,11488,48212.42 ,18694,
BU,20140505,4206,4196,4208,4210,4178,4196,4194,0,-2,6926,29059.54 ,16654,
BU,20140506,4196,4194,4190,4194,4174,4180,4186,-14,-8,2166,9070.51 ,15814,
BU,20140507,4180,4186,4180,4186,4132,4136,4156,-50,-30,3856,16027.58 ,15712,
BU,20140508,4136,4156,4134,4166,4134,4150,4150,-6,-6,2208,9164.84 ,15036,
BU,20140509,4150,4150,4150,4158,4146,4150,4150,0,0,1138,4724.17 ,14804,
BU,20140512,4150,4150,4150,4168,4150,4158,4158,8,8,1280,5323.41 ,14892,
BU,20140513,4158,4158,4156,4164,4156,4160,4160,2,2,884,3677.96 ,14562,
BU,20140514,4160,4160,4160,4166,4158,4164,4162,4,2,860,3580.36 ,14316,
BU,20140515,4164,4162,4162,4162,4150,4154,4156,-8,-6,1120,4655.44 ,13758,
BU,20140516,4154,4156,4152,4156,4134,4152,4142,-4,-14,1394,5776.70 ,13160,
BU,20140519,4152,4142,4156,4156,4134,4138,4140,-4,-2,2282,9447.56 ,12688,
BU,20140520,4300,4302,4294,4306,4294,4300,4302,-2,0,1462,6289.84 ,13350,
BU,20140521,4300,4302,4302,4306,4290,4298,4300,-4,-2,2106,9056.76 ,14122,
BU,20140522,4298,4300,4296,4312,4292,4298,4304,-2,4,2174,9357.78 ,15116,
BU,20140523,4298,4304,4298,4302,4290,4290,4292,-14,-12,696,2988.42 ,15454,
BU,20140526,4290,4292,4290,4294,4268,4278,4278,-14,-14,1428,6111.29 ,16156,
BU,20140527,4278,4278,4278,4282,4240,4244,4256,-34,-22,5268,22428.71 ,18202,
BU,20140528,4244,4256,4242,4242,4200,4228,4228,-28,-28,4330,18307.67 ,19352,
BU,20140529,4228,4228,4226,4232,4212,4228,4224,0,-4,4998,21112.82 ,21628,
BU,20140530,4228,4224,4228,4240,4224,4232,4230,8,6,4544,19226.54 ,22522,
BU,20140603,4232,4230,4234,4236,4212,4214,4220,-16,-10,4212,17779.37 ,24786,
BU,20140604,4214,4220,4212,4226,4212,4222,4222,2,2,2120,8953.54 ,25722,
BU,20140605,4222,4222,4224,4226,4220,4222,4222,0,0,1450,6122.40 ,26304,
BU,20140606,4222,4222,4224,4226,4222,4222,4222,0,0,1518,6410.63 ,26410,
BU,20140609,4222,4222,4220,4228,4216,4222,4222,0,0,3244,13701.28 ,27084,
BU,20140610,4222,4222,4224,4234,4222,4228,4226,6,4,3636,15368.00 ,27494,
BU,20140611,4228,4226,4226,4230,4210,4230,4222,4,-4,4056,17125.71 ,27932,
BU,20140612,4230,4222,4228,4228,4220,4224,4224,2,2,1312,5543.40 ,28012,
BU,20140613,4224,4224,4224,4280,4224,4264,4258,40,34,5878,25039.14 ,27384,
BU,20140616,4264,4258,4262,4266,4250,4258,4256,0,-2,1884,8021.75 ,27212,
BU,20140617,4258,4256,4252,4260,4248,4254,4252,-2,-4,1244,5289.53 ,27120,
BU,20140618,4254,4252,4254,4256,4252,4252,4252,0,0,1082,4602.41 ,26884,
BU,20140619,4252,4252,4250,4252,4236,4238,4240,-14,-12,1932,8192.68 ,26944,
BU,20140620,4238,4240,4238,4244,4234,4238,4238,-2,-2,1466,6215.50 ,26736,
BU,20140623,4238,4238,4242,4272,4242,4254,4258,16,20,2062,8782.44 ,26656,
BU,20140624,4254,4258,4256,4264,4232,4246,4252,-12,-6,2190,9313.64 ,27330,
BU,20140625,4246,4252,4242,4252,4240,4246,4244,-6,-8,518,2199.42 ,27368,
BU,20140626,4246,4244,4248,4252,4238,4240,4242,-4,-2,1056,4479.90 ,27192,
BU,20140627,4240,4242,4238,4250,4236,4246,4246,4,4,678,2879.22 ,27008,
BU,20140630,4246,4246,4252,4260,4248,4256,4254,10,8,1406,5981.31 ,26976,
BU,20140701,4256,4254,4252,4256,4220,4244,4236,-10,-18,2066,8754.09 ,26618,
BU,20140702,4244,4236,4242,4266,4236,4264,4254,28,18,3658,15564.26 ,26540,
BU,20140703,4264,4254,4270,4280,4260,4278,4270,24,16,6022,25725.72 ,26364,
BU,20140704,4278,4270,4284,4306,4276,4286,4290,16,20,5854,25119.47 ,27962,
BU,20140707,4286,4290,4292,4292,4268,4272,4274,-18,-16,3064,13095.94 ,27914,
BU,20140708,4272,4274,4270,4278,4252,4256,4260,-18,-14,3030,12909.79 ,28800,
BU,20140709,4256,4260,4266,4266,4250,4252,4254,-8,-6,2030,8639.01 ,29528,
BU,20140710,4252,4254,4258,4266,4252,4258,4260,4,6,1696,7227.02 ,29808,
BU,20140711,4258,4260,4268,4268,4258,4262,4262,2,2,1198,5107.55 ,29540,
BU,20140714,4262,4262,4264,4264,4254,4260,4256,-2,-6,1870,7962.38 ,28928,
BU,20140715,4260,4256,4264,4276,4264,4274,4270,18,14,1596,6816.72 ,28696,
BU,20140716,4274,4270,4270,4278,4266,4266,4272,-4,2,1772,7571.38 ,28378,
BU,20140717,4266,4272,4270,4272,4264,4270,4268,-2,-4,1322,5643.34 ,27970,
BU,20140718,4270,4268,4272,4272,4266,4270,4270,2,2,800,3416.04 ,27680,
BU,20140721,4270,4270,4272,4276,4250,4258,4262,-12,-8,3842,16376.66 ,28984,
BU,20140722,4258,4262,4262,4262,4244,4250,4254,-12,-8,3514,14951.30 ,28806,
BU,20140723,4250,4254,4252,4252,4240,4242,4246,-12,-8,5348,22710.22 ,29190,
BU,20140724,4242,4246,4244,4250,4230,4246,4236,0,-10,5798,24563.05 ,29522,
BU,20140725,4246,4236,4248,4256,4238,4254,4244,18,8,3954,16784.27 ,27972,
BU,20140728,4254,4244,4254,4270,4248,4270,4260,26,16,3596,15321.04 ,26630,
BU,20140729,4270,4260,4274,4284,4266,4268,4272,8,12,1878,8023.30 ,26680,
BU,20140730,4268,4272,4268,4268,4250,4252,4260,-20,-12,3110,13249.86 ,26136,
BU,20140731,4252,4260,4252,4262,4242,4250,4252,-10,-8,7370,31337.98 ,25946,
BU,20140801,4250,4252,4232,4256,4232,4254,4246,2,-6,2850,12101.54 ,25822,
BU,20140804,4254,4246,4258,4270,4246,4266,4258,20,12,2200,9368.93 ,25464,
BU,20140805,4266,4258,4268,4286,4258,4284,4274,26,16,3918,16748.63 ,24794,
BU,20140806,4284,4274,4288,4288,4248,4260,4268,-14,-6,2698,11516.50 ,24908,
BU,20140807,4260,4268,4264,4266,4248,4254,4254,-14,-14,3030,12894.01 ,25864,
BU,20140808,4254,4254,4256,4266,4254,4260,4258,6,4,2046,8714.70 ,24836,
BU,20140811,4260,4258,4252,4266,4250,4250,4252,-8,-6,1320,5614.65 ,24572,
BU,20140812,4250,4252,4250,4250,4202,4226,4230,-26,-22,1846,7811.77 ,24490,
BU,20140813,4226,4230,4220,4224,4192,4216,4206,-14,-24,2398,10086.17 ,24612,
BU,20140814,4216,4206,4202,4216,4194,4212,4206,6,0,918,3862.40 ,24530,
BU,20140815,4212,4206,4198,4214,4176,4190,4194,-16,-12,1952,8188.79 ,24896,
BU,20140818,4190,4194,4186,4198,4184,4198,4192,4,-2,1440,6036.73 ,24230,
BU,20140819,4198,4192,4184,4226,4172,4202,4194,10,2,1866,7828.40 ,24192,
BU,20140820,4202,4194,4208,4222,4202,4220,4214,26,20,634,2671.94 ,23900,
BU,20140821,4220,4214,4226,4244,4226,4240,4236,26,22,1548,6560.23 ,23938,
BU,20140822,4240,4236,4246,4246,4232,4234,4240,-2,4,1508,6394.00 ,23930,
BU,20140825,4234,4240,4246,4258,4234,4250,4248,10,8,1766,7501.97 ,23660,
BU,20140826,4250,4248,4256,4276,4252,4268,4266,20,18,5400,23038.02 ,22462,
BU,20140827,4268,4266,4274,4278,4266,4276,4272,10,6,2968,12680.79 ,21258,
BU,20140828,4276,4272,4276,4290,4274,4288,4280,16,8,6586,28195.56 ,20532,
BU,20140829,4288,4280,4288,4288,4258,4272,4270,-8,-10,1692,7226.96 ,20614,
BU,20140901,4272,4270,4274,4280,4270,4278,4274,8,4,678,2898.20 ,20172,
BU,20140902,4278,4274,4274,4290,4270,4288,4282,14,8,1620,6939.76 ,18840,
BU,20140903,4288,4282,4282,4310,4282,4284,4296,2,14,1758,7555.16 ,17384,
BU,20140904,4284,4296,4284,4296,4284,4296,4292,0,-4,1124,4826.18 ,16578,
BU,20140905,4296,4292,4292,4340,4284,4340,4292,48,0,1582,6792.70 ,15324,
BU,20140909,4340,4292,4338,4338,4292,4314,4300,22,8,4888,21019.46 ,14856,
BU,20140910,4314,4300,4308,4340,4306,4340,4322,40,22,900,3891.36 ,14066,
BU,20140911,4340,4322,4324,4494,4324,4494,4400,172,78,600,2640.96 ,13554,
BU,20140912,4494,4400,4488,4576,4346,4576,4420,176,20,194,857.51 ,13472,
BU,20140915,4576,4420,4552,4552,4552,4552,4552,132,132,750,3414.00 ,12722,
BU,20140916,4350,4350,,,,4350,4350,0,0,0,0.00 ,6,
BU,20140917,4180,4190,4182,4194,4180,4194,4184,4,-6,20,83.70 ,368,
BU,20140918,4194,4184,4192,4192,4158,4168,4172,-16,-12,64,267.10 ,396,
BU,20140919,4168,4172,4166,4166,4022,4088,4112,-84,-60,68,279.70 ,378,
BU,20140922,4088,4112,4110,4250,4002,4062,4058,-50,-54,208,844.34 ,374,
BU,20140923,4062,4058,4068,4068,4032,4068,4052,10,-6,14,56.74 ,372,
BU,20140924,4068,4052,4038,4038,4038,4038,4038,-14,-14,6,24.23 ,370,
BU,20140925,4038,4038,3992,4064,3992,4058,4040,20,2,34,137.40 ,384,
BU,20140926,4058,4040,4064,4098,4042,4042,4078,2,38,14,57.10 ,384,
BU,20140929,4042,4078,4234,4234,4078,4150,4152,72,74,52,215.91 ,388,
BU,20140930,4150,4152,4062,4156,4062,4120,4110,-32,-42,8,32.88 ,390,
BU,20141008,4120,4110,4344,4350,4028,4132,4212,22,102,28,117.99 ,392,
BU,20141009,4132,4212,4090,4184,4064,4084,4086,-128,-126,78,318.80 ,388,
BU,20141010,4084,4086,4118,4140,4074,4074,4112,-12,26,42,172.74 ,396,
BU,20141013,4074,4112,4076,4124,4076,4094,4098,-18,-14,144,590.20 ,420,
BU,20141014,4094,4098,4142,4144,4078,4110,4100,12,2,160,656.11 ,412,
BU,20141015,4110,4100,4100,4100,4062,4062,4074,-38,-26,72,293.42 ,430,
BU,20141016,4062,4074,4072,4072,4062,4062,4070,-12,-4,10,40.70 ,436,
BU,20141017,4062,4070,4070,4098,4064,4080,4084,10,14,160,653.46 ,430,
BU,20141020,4080,4084,4066,4072,4062,4072,4068,-12,-16,18,73.24 ,440,
BU,20141021,4072,4068,4106,4106,4076,4082,4088,14,20,200,817.97 ,440,
BU,20141022,4082,4088,4130,4130,4074,4086,4082,-2,-6,138,563.53 ,442,
BU,20141023,4086,4082,4068,4080,4068,4080,4074,-2,-8,4,16.30 ,438,
BU,20141024,4080,4074,4090,4096,4084,4090,4090,16,16,8,32.72 ,438,
BU,20141027,4090,4090,4090,4090,4072,4072,4080,-18,-10,18,73.47 ,432,
BU,20141028,4072,4080,4058,4058,4022,4050,4046,-30,-34,12,48.56 ,432,
BU,20141029,4050,4046,4070,4072,4042,4072,4068,26,22,42,170.86 ,400,
BU,20141030,4072,4068,4120,4120,4064,4066,4074,-2,6,12,48.89 ,394,
BU,20141031,4066,4074,4046,4088,4046,4062,4068,-12,-6,12,48.82 ,390,
BU,20141103,4062,4068,4094,4100,4060,4064,4078,-4,10,148,603.81 ,386,
BU,20141104,4064,4078,4048,4080,4048,4070,4062,-8,-16,42,170.65 ,364,
BU,20141105,4070,4062,4078,4078,4026,4026,4060,-36,-2,52,211.18 ,336,
BU,20141106,4026,4060,4036,4036,4034,4034,4034,-26,-26,26,104.89 ,336,
BU,20141107,4034,4034,4022,4034,4020,4024,4022,-10,-12,38,152.90 ,320,
BU,20141110,4024,4022,4010,4028,4006,4016,4012,-6,-10,44,176.55 ,302,
BU,20141111,4016,4012,4004,4010,4000,4000,4004,-12,-8,20,80.11 ,286,
BU,20141112,4000,4004,4012,4042,4012,4026,4032,22,28,370,1492.56 ,262,
BU,20141113,4026,4032,4040,4040,3990,3990,4006,-42,-26,84,336.54 ,232,
BU,20141114,3990,4006,3884,4040,3884,3916,3954,-90,-52,128,506.12 ,238,
BU,20141117,3916,3954,3920,4018,3794,3794,3842,-160,-112,320,1229.79 ,240,
BU,20141118,3794,3842,3774,3774,3688,3696,3712,-146,-130,130,482.56 ,256,
BU,20141119,3696,3712,3650,3848,3650,3730,3710,18,-2,172,638.33 ,232,
BU,20141120,3730,3710,3670,3718,3670,3716,3696,6,-14,22,81.31 ,230,
BU,20141121,3716,3696,3676,3738,3672,3712,3698,16,2,12,44.38 ,226,
BU,20141124,3712,3698,3662,3780,3662,3750,3748,52,50,38,142.44 ,214,
BU,20141125,3750,3748,3700,3748,3698,3698,3710,-50,-38,10,37.11 ,212,
BU,20141126,3698,3710,3652,3658,3652,3656,3656,-54,-54,14,51.18 ,210,
BU,20141127,3656,3656,3678,3678,3620,3620,3658,-36,2,6,21.95 ,208,
BU,20141128,3620,3658,3510,3648,3510,3520,3538,-138,-120,68,240.60 ,216,
BU,20141201,3520,3538,3678,3678,3532,3660,3656,122,118,36,131.67 ,218,
BU,20141202,3660,3656,,,,3656,3656,0,0,0,0.00 ,218,
BU,20141203,3656,3656,3650,3802,3536,3754,3684,98,28,8,29.48 ,216,
BU,20141204,3754,3684,3680,3680,3604,3618,3634,-66,-50,6,21.80 ,212,
BU,20141205,3618,3634,3560,3778,3488,3488,3514,-146,-120,32,112.49 ,192,
BU,20141208,3488,3514,3312,3380,3268,3270,3298,-244,-216,114,376.06 ,152,
BU,20141209,3270,3298,3290,3352,3262,3268,3276,-30,-22,22,72.10 ,148,
BU,20141210,3268,3276,3250,3380,3250,3360,3318,84,42,132,438.21 ,26,
BU,20141211,3480,3468,3480,3532,3454,3456,3480,-12,12,18,62.65 ,64,
BU,20141212,3456,3480,3502,3502,3456,3498,3488,18,8,8,27.91 ,66,
BU,20141215,3498,3488,,,,3500,3500,12,12,0,0.00 ,66,
BU,20141216,3500,3500,3474,3474,3474,3474,3474,-26,-26,2,6.95 ,64,
BU,20141217,3474,3474,3508,3508,3508,3508,3508,34,34,2,7.02 ,64,
BU,20141218,3508,3508,3510,3510,3368,3410,3408,-98,-100,14,47.72 ,62,
BU,20141219,3410,3408,,,,3408,3408,0,0,0,0.00 ,62,
BU,20141222,3408,3408,,,,3408,3408,0,0,0,0.00 ,62,
BU,20141223,3408,3408,,,,3408,3408,0,0,0,0.00 ,62,
BU,20141224,3408,3408,3498,3504,3318,3504,3440,96,32,6,20.64 ,64,
BU,20141225,3504,3440,3500,3502,3334,3410,3430,-30,-10,12,41.18 ,66,
BU,20141226,3410,3430,3430,3430,3430,3430,3430,0,0,2,6.86 ,66,
BU,20141229,3430,3430,3388,3518,3388,3494,3478,64,48,28,97.39 ,80,
BU,20141230,3494,3478,3614,3614,3362,3514,3498,36,20,44,153.94 ,80,
BU,20141231,3514,3498,3540,3540,3492,3508,3516,10,18,40,140.68 ,84,
BU,20150105,3508,3516,3498,3500,3480,3480,3492,-36,-24,30,104.78 ,88,
BU,20150106,3480,3492,3480,3666,3428,3472,3540,-20,48,318,1126.06 ,284,
BU,20150107,3472,3540,3472,3500,3430,3450,3484,-90,-56,118,411.26 ,370,
BU,20150108,3450,3484,3486,3546,3370,3406,3414,-78,-70,304,1038.46 ,548,
BU,20150109,3406,3414,3390,3390,3242,3242,3266,-172,-148,466,1522.30 ,578,
BU,20150112,3242,3266,3222,3238,3044,3082,3108,-184,-158,1670,5191.42 ,1182,
BU,20150113,3082,3108,3000,3088,2952,2952,2988,-156,-120,2118,6329.55 ,1598,
BU,20150114,2952,2988,2952,3030,2822,2922,2910,-66,-78,8432,24542.35 ,2448,
BU,20150115,2922,2910,2930,3018,2844,2956,2924,46,14,10706,31315.44 ,2884,
BU,20150116,2956,2924,2986,3040,2936,2960,2980,36,56,6758,20147.96 ,2970,
BU,20150119,2960,2980,2960,2986,2880,2888,2924,-92,-56,7322,21421.52 ,4148,
BU,20150120,2888,2924,2890,2908,2868,2886,2888,-38,-36,5300,15310.92 ,4320,
BU,20150121,2886,2888,2902,2904,2832,2848,2862,-40,-26,7654,21919.40 ,4738,
BU,20150122,2848,2862,2850,2900,2848,2880,2878,18,16,6750,19437.42 ,4946,
BU,20150123,2880,2878,2890,2896,2856,2862,2872,-16,-6,4420,12702.16 ,5352,
BU,20150126,2862,2872,2862,2862,2742,2746,2806,-126,-66,8368,23483.58 ,6318,
BU,20150127,2746,2806,2768,2796,2750,2768,2774,-38,-32,7556,20970.20 ,6268,
BU,20150128,2768,2774,2770,2824,2768,2788,2786,14,12,5716,15929.06 ,5864,
BU,20150129,2788,2786,2788,2796,2768,2780,2778,-6,-8,3776,10493.57 ,6320,
BU,20150130,2780,2778,2796,2796,2744,2746,2772,-32,-6,4672,12956.33 ,6658,
BU,20150202,2746,2772,2758,2790,2710,2770,2754,-2,-18,9582,26391.77 ,7156,
BU,20150203,2770,2754,2782,2844,2766,2834,2794,80,40,11408,31895.34 ,7740,
BU,20150204,2834,2794,2858,2860,2790,2812,2826,18,32,14940,42234.19 ,8918,
BU,20150205,2812,2826,2820,2820,2772,2778,2788,-48,-38,9424,26279.89 ,9828,
BU,20150206,2778,2788,2796,2828,2788,2822,2810,34,22,10294,28944.53 ,9612,
BU,20150209,2822,2810,2818,2832,2804,2820,2816,10,6,6876,19369.38 ,9710,
BU,20150210,2820,2816,2822,2834,2808,2820,2820,4,4,4690,13230.02 ,9592,
BU,20150211,2820,2820,2820,2838,2814,2826,2824,6,4,5078,14345.53 ,9648,
BU,20150212,2826,2824,2822,2854,2816,2850,2830,26,6,5402,15294.75 ,8840,
BU,20150213,2850,2830,2854,2968,2852,2966,2922,136,92,15018,43883.05 ,9598,
BU,20150216,2966,2922,2960,3026,2952,2966,2984,44,62,13422,40070.61 ,9184,
BU,20150217,2966,2984,2962,2990,2914,2970,2952,-14,-32,9358,27633.98 ,8452,
BU,20150225,2970,2952,2930,2936,2778,2926,2896,-26,-56,5942,17215.31 ,7564,
BU,20150226,2926,2896,2906,3030,2906,3022,2986,126,90,15340,45823.37 ,9372,
BU,20150227,3022,2986,3018,3086,3006,3076,3054,90,68,26444,80809.94 ,11328,
BU,20150302,3076,3054,3098,3192,3080,3158,3142,104,88,35480,111533.68 ,16664,
BU,20150303,3158,3142,3148,3290,3144,3202,3222,60,80,73918,238254.92 ,18068,
BU,20150304,3202,3222,3210,3216,3138,3168,3172,-54,-50,43550,138206.77 ,18336,
BU,20150305,3168,3172,3182,3188,3022,3050,3074,-122,-98,65936,202793.75 ,18648,
BU,20150306,3050,3074,3054,3130,2994,3002,3076,-72,2,63340,194939.68 ,19390,
BU,20150309,3002,3076,3000,3056,2934,3022,2996,-54,-80,95074,285024.43 ,19890,
BU,20150310,3022,2996,3000,3048,2964,2982,3008,-14,12,50192,151047.50 ,19116,
BU,20150311,2982,3008,2966,2986,2932,2958,2966,-50,-42,34832,103316.78 ,20156,
BU,20150312,2958,2966,2960,3030,2960,3024,2996,58,30,40028,119971.34 ,20462,
BU,20150313,3024,2996,3030,3066,3014,3050,3040,54,44,46928,142709.45 ,21272,
BU,20150316,3050,3040,3032,3036,2946,2992,2994,-48,-46,43882,131394.48 ,19096,
BU,20150317,2992,2994,2988,3018,2972,2988,2990,-6,-4,31448,94079.84 ,18728,
BU,20150318,2988,2990,2978,3008,2952,2970,2984,-20,-6,26258,78356.69 ,19172,
BU,20150319,2970,2984,2958,3044,2948,2994,2992,10,8,34266,102586.21 ,19002,
BU,20150320,2994,2992,2980,3016,2980,2992,2996,0,4,21790,65323.92 ,18616,
BU,20150323,2992,2996,3004,3110,3004,3094,3048,98,52,52544,160176.35 ,23392,
BU,20150324,3094,3048,3116,3164,3068,3120,3124,72,76,66134,206669.06 ,23588,
BU,20150325,3120,3124,3140,3162,3072,3090,3116,-34,-8,37034,115463.06 ,23936,
BU,20150326,3090,3116,3110,3188,3102,3164,3148,48,32,80856,254653.88 ,26804,
BU,20150327,3164,3148,3140,3178,3082,3124,3140,-24,-8,65530,205825.23 ,24904,
BU,20150330,3124,3140,3132,3148,3068,3078,3102,-62,-38,46200,143373.94 ,23284,
BU,20150331,3078,3102,3090,3134,3074,3084,3106,-18,4,41100,127702.12 ,22456,
BU,20150401,3084,3106,3080,3110,3068,3104,3086,-2,-20,32254,99567.00 ,21578,
BU,20150402,3104,3086,3094,3240,3094,3240,3198,154,112,103154,329994.14 ,30696,
BU,20150403,3240,3198,3236,3358,3204,3278,3292,80,94,209592,690087.57 ,31712,
BU,20150407,3278,3292,3322,3398,3320,3366,3358,74,66,59556,199990.01 ,32786,
BU,20150408,3366,3358,3360,3392,3258,3328,3332,-30,-26,145332,484478.49 ,29932,
BU,20150409,3328,3332,3332,3338,3238,3296,3284,-36,-48,115724,380125.16 ,32256,
BU,20150410,3296,3284,3300,3436,3296,3370,3390,86,106,255384,865849.28 ,43730,
BU,20150413,3370,3390,3370,3458,3352,3386,3412,-4,22,196110,669246.96 ,43760,
BU,20150414,3386,3412,3408,3438,3328,3362,3384,-50,-28,135340,458255.06 ,43384,
BU,20150415,3362,3384,3364,3424,3350,3372,3390,-12,6,159762,541827.08 ,44390,
BU,20150416,3372,3390,3376,3474,3366,3450,3426,60,36,239586,821030.99 ,53528,
BU,20150417,3450,3426,3438,3466,3384,3406,3424,-20,-2,177322,607283.36 ,49530,
BU,20150420,3406,3424,3402,3422,3292,3308,3364,-116,-60,171280,576468.41 ,51604,
BU,20150421,3308,3364,3288,3304,3200,3218,3244,-146,-120,226852,736049.39 ,50730,
BU,20150422,3218,3244,3226,3300,3226,3254,3266,10,22,176018,575082.62 ,50064,
BU,20150423,3254,3266,3268,3296,3176,3210,3246,-56,-20,186900,606905.59 ,57812,
BU,20150424,3210,3246,3232,3282,3202,3256,3242,10,-4,182228,590974.36 ,57850,
BU,20150427,3256,3242,3264,3338,3246,3306,3288,64,46,210646,692809.24 ,57812,
BU,20150428,3306,3288,3316,3366,3292,3296,3330,8,42,181048,602964.40 ,58128,
BU,20150429,3296,3330,3320,3324,3220,3238,3280,-92,-50,139354,457120.98 ,53810,
BU,20150430,3238,3280,3238,3272,3222,3242,3250,-38,-30,123384,401180.94 ,55378,
BU,20150504,3242,3250,3262,3284,3210,3256,3248,6,-2,66116,214755.42 ,54146,
BU,20150505,3256,3248,3270,3330,3262,3324,3298,76,50,166986,550979.34 ,58444,
BU,20150506,3324,3298,3360,3370,3306,3324,3338,26,40,145296,485228.48 ,53498,
BU,20150507,3324,3338,3340,3346,3230,3252,3280,-86,-58,118984,390322.32 ,51064,
BU,20150508,3252,3280,3250,3250,3140,3166,3198,-114,-82,129026,412662.10 ,52628,
BU,20150511,3166,3198,3178,3290,3178,3228,3216,30,18,116968,376347.98 ,55640,
BU,20150512,3228,3216,3222,3232,3168,3182,3196,-34,-20,64950,207656.41 ,52376,
BU,20150513,3182,3196,3200,3238,3190,3214,3212,18,16,63300,203354.44 ,52156,
BU,20150514,3214,3212,3226,3226,3160,3194,3184,-18,-28,54048,172166.10 ,50334,
BU,20150515,3194,3184,3198,3208,3172,3188,3188,4,4,44780,142777.90 ,51774,
BU,20150518,3188,3188,3170,3200,3106,3114,3148,-74,-40,44086,138869.92 ,53222,
BU,20150519,3114,3148,3106,3134,3014,3058,3080,-90,-68,72550,223491.50 ,51872,
BU,20150520,3058,3080,3054,3054,2952,2976,2996,-104,-84,59642,178724.94 ,47958,
BU,20150521,2976,2996,2974,3010,2970,2996,2990,0,-6,31722,94894.00 ,48246,
BU,20150522,2996,2990,3002,3030,2956,2998,3000,8,10,30910,92781.67 ,46850,
BU,20150525,2998,3000,2950,3022,2946,3000,2984,0,-16,19538,58322.40 ,44724,
BU,20150526,3000,2984,2994,3100,2988,3010,3024,26,40,23296,70487.62 ,42602,
BU,20150527,3010,3024,2996,3022,2950,3010,2992,-14,-32,12334,36917.93 ,40328,
BU,20150528,3010,2992,2998,3010,2974,3000,2996,8,4,13320,39909.88 ,36400,
BU,20150529,3000,2996,3000,3014,2962,2996,2996,0,0,12562,37640.09 ,33534,
BU,20150601,2996,2996,3000,3058,2982,3006,3012,10,16,8870,26721.25 ,30206,
BU,20150602,3198,3198,3200,3228,3164,3192,3204,-6,6,33112,106133.28 ,32694,
BU,20150603,3192,3204,3196,3230,3196,3210,3210,6,6,31518,101233.77 ,32892,
BU,20150604,3210,3210,3198,3210,3106,3108,3150,-102,-60,51176,161229.44 ,39274,
BU,20150605,3108,3150,3102,3128,3076,3080,3102,-70,-48,50354,156282.29 ,41354,
BU,20150608,3080,3102,3086,3094,3052,3070,3070,-32,-32,49018,150487.42 ,46222,
BU,20150609,3070,3070,3068,3086,3058,3060,3074,-10,4,28836,88663.03 ,47462,
BU,20150610,3060,3074,3072,3150,3070,3098,3100,24,26,43230,134013.98 ,44836,
BU,20150611,3098,3100,3112,3128,3092,3102,3102,2,2,25516,79194.60 ,44644,
BU,20150612,3102,3102,3098,3102,2986,2986,3034,-116,-68,50258,152572.95 ,50838,
BU,20150615,2986,3034,2992,3014,2972,2988,2994,-46,-40,31160,93333.56 ,49338,
BU,20150616,2988,2994,2976,3024,2962,3012,2998,18,4,32158,96432.86 ,47592,
BU,20150617,3012,2998,3010,3016,2976,2986,2998,-12,0,21406,64181.25 ,47880,
BU,20150618,2986,2998,3006,3032,2982,2996,3002,-2,4,28862,86645.90 ,48514,
BU,20150619,2996,3002,3016,3018,2952,2958,2980,-44,-22,36408,108543.08 ,52878,
BU,20150623,2958,2980,2960,2968,2916,2924,2934,-56,-46,31642,92868.69 ,55594,
BU,20150624,2924,2934,2920,2976,2914,2976,2944,42,10,32542,95819.18 ,51934,
BU,20150625,2976,2944,2976,2988,2948,2950,2968,6,24,31996,94997.76 ,52808,
BU,20150626,2950,2968,2948,2972,2936,2960,2954,-8,-14,32378,95694.06 ,50834,
BU,20150629,2960,2954,2948,2970,2922,2936,2952,-18,-2,31124,91894.16 ,49566,
BU,20150630,2936,2952,2930,2948,2804,2812,2854,-140,-98,52186,149042.86 ,48312,
BU,20150701,2812,2854,2832,2850,2808,2826,2834,-28,-20,31576,89531.88 ,49450,
BU,20150702,2826,2834,2826,2830,2774,2816,2802,-18,-32,36706,102905.16 ,50466,
BU,20150703,2816,2802,2830,2898,2824,2860,2864,58,62,54178,155240.59 ,46572,
BU,20150706,2860,2864,2870,2874,2720,2726,2774,-138,-90,46184,128155.98 ,47992,
BU,20150707,2726,2774,2718,2738,2634,2634,2680,-140,-94,59944,160760.77 ,49520,
BU,20150708,2634,2680,2598,2630,2464,2464,2492,-216,-188,43006,107249.25 ,44960,
BU,20150709,2464,2492,2402,2686,2246,2514,2472,22,-20,154096,380957.80 ,39340,
BU,20150710,2514,2472,2550,2592,2502,2546,2548,74,76,122816,312996.48 ,41908,
BU,20150713,2546,2548,2534,2576,2468,2488,2532,-60,-16,93520,236883.57 ,44834,
BU,20150714,2488,2532,2508,2558,2492,2498,2526,-34,-6,106236,268472.94 ,43940,
BU,20150715,2498,2526,2514,2580,2510,2564,2546,38,20,98840,251669.75 ,39414,
BU,20150716,2564,2546,2558,2566,2510,2550,2536,4,-10,86876,220335.62 ,40696,
BU,20150717,2550,2536,2556,2590,2536,2570,2562,34,26,74048,189836.96 ,39180,
BU,20150720,2570,2562,2538,2600,2530,2592,2568,30,6,73380,188502.46 ,39412,
BU,20150721,2592,2568,2604,2608,2570,2588,2582,20,14,54708,141315.50 ,37556,
BU,20150722,2588,2582,2594,2670,2584,2626,2628,44,46,117858,309820.34 ,34382,
BU,20150723,2626,2628,2620,2642,2584,2614,2612,-14,-16,76050,198763.10 ,34252,
BU,20150724,2614,2612,2620,2658,2588,2602,2622,-10,10,98520,258496.72 ,35112,
BU,20150727,2602,2622,2608,2612,2490,2490,2520,-132,-102,179932,453642.32 ,47640,
BU,20150728,2490,2520,2450,2544,2412,2496,2472,-24,-48,164332,406268.07 ,37444,
BU,20150729,2496,2472,2498,2550,2482,2526,2520,54,48,101886,256928.56 ,36460,
BU,20150730,2526,2520,2516,2568,2494,2524,2532,4,12,121506,307789.29 ,32274,
BU,20150731,2524,2532,2540,2554,2514,2532,2532,0,0,74552,188856.56 ,32670,
BU,20150803,2532,2532,2526,2568,2412,2434,2490,-98,-42,123886,308545.30 ,35088,
BU,20150804,2434,2490,2412,2488,2404,2464,2446,-26,-44,88054,215382.93 ,32958,
BU,20150805,2464,2446,2486,2494,2440,2480,2464,34,18,62144,153204.31 ,31806,
BU,20150806,2480,2464,2488,2488,2440,2450,2460,-14,-4,62174,153046.91 ,31420,
BU,20150807,2450,2460,2448,2546,2432,2538,2466,78,6,62910,155237.48 ,31932,
BU,20150810,2538,2466,2502,2588,2502,2588,2556,122,90,150334,384535.51 ,33270,
BU,20150811,2588,2556,2604,2646,2550,2554,2594,-2,38,146172,379322.29 ,36066,
BU,20150812,2554,2594,2540,2544,2500,2538,2522,-56,-72,103094,260205.15 ,34354,
BU,20150813,2538,2522,2548,2576,2510,2542,2542,20,20,89786,228392.00 ,33912,
BU,20150814,2542,2542,2524,2572,2506,2506,2542,-36,0,88422,224798.40 ,30764,
BU,20150817,2506,2542,2522,2538,2420,2440,2476,-102,-66,92464,229008.68 ,33232,
BU,20150818,2440,2476,2432,2474,2418,2428,2448,-48,-28,89146,218370.48 ,33372,
BU,20150819,2428,2448,2432,2452,2384,2450,2422,2,-26,92868,225059.56 ,30850,
BU,20150820,2450,2422,2452,2466,2400,2412,2422,-10,0,64490,156278.55 ,31448,
BU,20150821,2412,2422,2430,2438,2338,2354,2390,-68,-32,62432,149269.31 ,32436,
BU,20150824,2354,2390,2350,2370,2270,2270,2312,-120,-78,51864,119992.47 ,25086,
BU,20150825,2244,2290,2214,2296,2162,2222,2228,-68,-62,182292,406455.64 ,29290,
BU,20150826,2222,2228,2292,2310,2228,2246,2264,18,36,146108,331076.76 ,29636,
BU,20150827,2246,2264,2252,2362,2220,2356,2288,92,24,208604,477701.74 ,30086,
BU,20150828,2356,2288,2368,2402,2332,2364,2368,76,80,206808,490020.13 ,28706,
BU,20150831,2364,2368,2346,2410,2318,2346,2366,-22,-2,267530,633427.33 ,28324,
BU,20150901,2346,2366,2328,2430,2314,2384,2384,18,18,292622,698165.55 ,28304,
BU,20150902,2384,2384,2358,2388,2272,2272,2332,-112,-52,285634,666542.61 ,35530,
BU,20150907,2272,2332,2266,2310,2254,2284,2282,-48,-50,133916,305617.61 ,38466,
BU,20150908,2284,2282,2282,2304,2260,2304,2276,22,-6,167724,381756.48 ,37374,
BU,20150909,2304,2276,2320,2384,2312,2346,2350,70,74,318758,749217.89 ,33674,
BU,20150910,2346,2350,2336,2466,2326,2466,2384,116,34,368164,878297.55 ,46570,
BU,20150911,2466,2384,2468,2482,2430,2450,2456,66,72,477308,1172905.98 ,45956,
BU,20150914,2450,2456,2436,2550,2426,2498,2502,42,46,1097786,2747264.81 ,69756,
BU,20150915,2498,2502,2496,2556,2384,2414,2466,-88,-36,1490268,3675471.81 ,93590,
BU,20150916,2414,2466,2420,2446,2392,2436,2418,-30,-48,1061500,2567692.24 ,97976,
BU,20150917,2436,2418,2448,2460,2408,2412,2438,-6,20,842872,2055118.65 ,104638,
BU,20150918,2412,2438,2402,2428,2364,2372,2396,-66,-42,710970,1704142.75 ,104296,
BU,20150921,2372,2396,2360,2404,2336,2402,2360,6,-36,591028,1395568.03 ,100698,
BU,20150922,2402,2360,2408,2414,2338,2346,2372,-14,12,503334,1194650.98 ,109958,
BU,20150923,2346,2372,2330,2382,2322,2360,2348,-12,-24,498364,1171152.93 ,100966,
BU,20150924,2360,2348,2356,2396,2346,2372,2370,24,22,515178,1220976.42 ,100966,
BU,20150925,2372,2370,2360,2398,2350,2364,2374,-6,4,488562,1160704.66 ,85000,
BU,20150928,2364,2374,2368,2368,2326,2366,2352,-8,-22,260744,613661.09 ,81444,
BU,20150929,2366,2352,2356,2388,2300,2328,2340,-24,-12,611312,1431182.87 ,64262,
BU,20150930,2328,2340,2346,2354,2308,2344,2332,4,-8,250640,584633.86 ,50466,
BU,20151008,2344,2332,2400,2444,2368,2380,2390,48,58,169772,406090.32 ,56036,
BU,20151009,2380,2390,2382,2468,2378,2462,2420,72,30,497376,1204252.63 ,77046,
BU,20151012,2462,2420,2454,2462,2408,2436,2434,16,14,426504,1038535.66 ,91326,
BU,20151013,2436,2434,2426,2428,2370,2418,2402,-16,-32,407902,980397.29 ,85118,
BU,20151014,2418,2402,2408,2440,2404,2414,2420,12,18,338282,818744.01 ,87662,
BU,20151015,2414,2420,2416,2444,2404,2412,2422,-8,2,326224,790389.94 ,91302,
BU,20151016,2412,2422,2404,2448,2392,2428,2422,6,0,426252,1032495.68 ,93398,
BU,20151019,2428,2422,2422,2488,2418,2444,2446,22,24,699890,1712793.98 ,119664,
BU,20151020,2444,2446,2430,2440,2358,2380,2400,-66,-46,582176,1397411.04 ,108894,
BU,20151021,2380,2400,2384,2386,2274,2284,2334,-116,-66,702788,1640564.62 ,118748,
BU,20151022,2284,2334,2284,2292,2232,2258,2258,-76,-76,864484,1953470.67 ,127402,
BU,20151023,2258,2258,2262,2282,2152,2206,2216,-52,-42,1182402,2621991.07 ,165200,
BU,20151026,2206,2216,2200,2238,2164,2214,2206,-2,-10,991012,2187157.76 ,157342,
BU,20151027,2214,2206,2210,2238,2170,2226,2202,20,-4,812322,1789296.35 ,148066,
BU,20151028,2226,2202,2212,2234,2204,2216,2218,14,16,642460,1425805.38 ,142124,
BU,20151029,2216,2218,2220,2266,2216,2238,2244,20,26,622592,1397198.08 ,131926,
BU,20151030,2238,2244,2242,2270,2176,2180,2224,-64,-20,769254,1712174.66 ,159626,
BU,20151102,2180,2224,2190,2212,2160,2188,2186,-36,-38,683262,1494441.82 ,142426,
BU,20151103,2188,2186,2184,2218,2152,2164,2182,-22,-4,641088,1399840.73 ,160082,
BU,20151104,2164,2182,2170,2254,2164,2226,2212,44,30,768930,1701441.92 ,134666,
BU,20151105,2226,2212,2232,2250,2194,2244,2224,32,12,694374,1544606.20 ,154862,
BU,20151106,2244,2224,2250,2302,2222,2292,2260,68,36,1035026,2340779.68 ,157798,
BU,20151109,2292,2260,2286,2312,2256,2270,2280,10,20,943970,2154049.42 ,128800,
BU,20151110,2270,2280,2272,2298,2252,2292,2270,12,-10,565904,1285731.15 ,126898,
BU,20151111,2292,2270,2294,2296,2258,2268,2276,-2,6,497918,1133435.98 ,115600,
BU,20151112,2268,2276,2268,2324,2256,2304,2278,28,2,580302,1322950.66 ,113280,
BU,20151113,2304,2278,2290,2350,2284,2296,2318,18,40,765316,1774313.45 ,107778,
BU,20151116,2296,2318,2290,2296,2178,2178,2238,-140,-80,749578,1678795.74 ,106380,
BU,20151117,2178,2238,2178,2194,2092,2108,2140,-130,-98,765152,1637941.56 ,87572,
BU,20151118,2108,2140,2100,2124,2062,2082,2092,-58,-48,389602,815578.96 ,86492,
BU,20151119,2082,2092,2076,2096,2022,2036,2064,-56,-28,308848,637698.94 ,78372,
BU,20151120,2036,2064,2028,2096,2012,2058,2046,-6,-18,307974,630609.60 ,69742,
BU,20151123,2058,2046,2050,2092,1922,1924,2006,-122,-40,372966,748840.59 ,75366,
BU,20151124,1924,2006,1934,1966,1890,1954,1924,-52,-82,249710,480669.62 ,55556,
BU,20151125,1954,1924,1954,1996,1818,1948,1916,24,-8,320284,614074.16 ,46686,
BU,20151126,1924,1888,1908,1994,1878,1930,1928,42,40,917504,1770546.13 ,74724,
BU,20151127,1930,1928,1918,1958,1854,1876,1904,-52,-24,713246,1359163.90 ,103468,
BU,20151130,1876,1904,1870,1908,1842,1868,1872,-36,-32,727344,1361606.05 ,112560,
BU,20151201,1868,1872,1872,1896,1852,1884,1876,12,4,580634,1090151.46 ,100722,
BU,20151202,1884,1876,1870,1926,1866,1892,1892,16,16,549952,1041412.83 ,93704,
BU,20151203,1892,1892,1884,1898,1820,1826,1854,-66,-38,596352,1106388.11 ,130910,
BU,20151204,1826,1854,1832,1854,1796,1840,1830,-14,-24,553666,1013654.32 ,109708,
BU,20151207,1840,1830,1850,1904,1808,1822,1834,-8,4,530562,973373.90 ,121490,
BU,20151208,1822,1834,1812,1828,1738,1740,1782,-94,-52,578304,1031072.61 ,142280,
BU,20151209,1740,1782,1720,1762,1712,1732,1738,-50,-44,446040,775614.35 ,139980,
BU,20151210,1732,1738,1722,1756,1666,1684,1710,-54,-28,698618,1195492.90 ,156548,
BU,20151211,1684,1710,1680,1696,1642,1670,1668,-40,-42,515734,860916.14 ,147366,
BU,20151214,1670,1668,1656,1734,1652,1702,1694,34,26,810648,1373298.74 ,119552,
BU,20151215,1702,1694,1678,1750,1666,1702,1712,8,18,623766,1068740.96 ,110640,
BU,20151216,1702,1712,1712,1728,1696,1710,1714,-2,2,437880,750987.78 ,105058,
BU,20151217,1710,1714,1710,1736,1698,1712,1714,-2,0,357800,613736.92 ,101718,
BU,20151218,1712,1714,1714,1756,1704,1744,1728,30,14,289866,501420.71 ,105034,
BU,20151221,1744,1728,1744,1752,1710,1742,1732,14,4,276540,479104.33 ,80018,
BU,20151222,1888,1870,1880,1922,1852,1908,1886,38,16,701748,1324243.89 ,130914,
BU,20151223,1908,1886,1900,1936,1892,1920,1910,34,24,792776,1515701.56 ,146254,
BU,20151224,1920,1910,1928,1938,1908,1908,1920,-2,10,634912,1219584.92 ,142290,
BU,20151225,1908,1920,1906,1912,1862,1868,1886,-52,-34,601450,1134368.02 ,169764,
BU,20151228,1868,1886,1866,1878,1832,1846,1854,-40,-32,461200,855142.95 ,170008,
BU,20151229,1846,1854,1838,1878,1832,1876,1854,22,0,521032,966903.01 ,184850,
BU,20151230,1876,1854,1876,1918,1874,1892,1898,38,44,663126,1259084.63 ,183092,
BU,20151231,1892,1898,1888,1926,1884,1894,1902,-4,4,580368,1105012.94 ,184304,
BU,20160104,1894,1902,1918,1926,1802,1810,1842,-92,-60,721264,1329654.35 ,202440,
BU,20160105,1810,1842,1810,1828,1782,1816,1808,-26,-34,822890,1487933.82 ,220356,
BU,20160106,1816,1808,1812,1822,1786,1802,1804,-6,-4,659076,1190124.66 ,236428,
BU,20160107,1802,1804,1780,1798,1736,1760,1772,-44,-32,879632,1560006.81 ,263264,
BU,20160108,1760,1772,1762,1808,1760,1792,1788,20,16,956034,1710237.47 ,246364,
BU,20160111,1792,1788,1790,1804,1754,1762,1780,-26,-8,620582,1105053.76 ,241318,
BU,20160112,1762,1780,1766,1776,1676,1696,1722,-84,-58,1026268,1768850.48 ,308052,
BU,20160113,1696,1722,1708,1730,1682,1700,1704,-22,-18,1104896,1883511.74 ,308000,
BU,20160114,1700,1704,1704,1720,1684,1714,1706,10,2,987444,1684624.59 ,316978,
BU,20160115,1714,1706,1712,1738,1702,1706,1720,0,14,948896,1632496.44 ,324124,
BU,20160118,1706,1720,1678,1728,1654,1708,1690,-12,-30,1515676,2564194.47 ,366898,
BU,20160119,1708,1690,1722,1758,1714,1756,1734,66,44,1214208,2107678.99 ,387650,
BU,20160120,1756,1734,1762,1768,1704,1714,1732,-20,-2,1160222,2010982.07 ,408748,
BU,20160121,1714,1732,1714,1728,1690,1704,1710,-28,-22,1411848,2414651.52 ,405922,
BU,20160122,1704,1710,1708,1788,1700,1760,1742,50,32,1906248,3321331.42 ,388350,
BU,20160125,1760,1742,1772,1778,1742,1746,1754,4,12,1147564,2014061.92 ,409772,
BU,20160126,1746,1754,1736,1758,1732,1746,1744,-8,-10,833010,1453958.08 ,390058,
BU,20160127,1746,1744,1756,1774,1746,1764,1758,20,14,976774,1718984.75 ,385046,
BU,20160128,1764,1758,1760,1788,1754,1758,1772,0,14,1204266,2136222.02 ,391314,
BU,20160129,1758,1772,1766,1770,1710,1714,1738,-58,-34,1619634,2815922.14 ,508092,
BU,20160201,1714,1738,1712,1734,1682,1686,1712,-52,-26,1299156,2224573.53 ,580216,
BU,20160202,1686,1712,1680,1710,1676,1698,1692,-14,-20,940658,1592800.99 ,557786,
BU,20160203,1698,1692,1696,1704,1666,1684,1684,-8,-8,895204,1507692.80 ,582598,
BU,20160204,1684,1684,1686,1716,1668,1698,1694,14,10,1168040,1979903.12 ,508320,
BU,20160205,1698,1694,1690,1704,1638,1640,1670,-54,-24,924592,1545386.71 ,533054,
BU,20160215,1640,1670,1620,1664,1620,1632,1648,-38,-22,549984,906967.04 ,555758,
BU,20160216,1632,1648,1650,1696,1642,1678,1672,30,24,1063032,1777902.82 ,585878,
BU,20160217,1678,1672,1672,1686,1648,1660,1668,-12,-4,982208,1639568.31 ,605820,
BU,20160218,1660,1668,1672,1706,1666,1694,1686,26,18,1248924,2107350.00 ,596512,
BU,20160219,1694,1686,1696,1720,1690,1716,1704,30,18,1228692,2095310.69 ,569338,
BU,20160222,1716,1704,1712,1758,1708,1738,1730,34,26,1546174,2677789.44 ,569622,
BU,20160223,1738,1730,1748,1754,1716,1732,1734,2,4,1031894,1790579.43 ,562248,
BU,20160224,1732,1734,1736,1740,1676,1688,1708,-46,-26,1264352,2161000.18 ,603886,
BU,20160225,1688,1708,1684,1718,1670,1694,1694,-14,-14,1494732,2534882.54 ,589558,
BU,20160226,1694,1694,1696,1774,1684,1760,1724,66,30,2275932,3925215.08 ,697942,
BU,20160229,1760,1724,1766,1784,1744,1752,1762,28,38,2492120,4392745.16 ,700238,
BU,20160301,1752,1762,1756,1808,1732,1798,1762,36,0,2528426,4458900.25 ,690014,
BU,20160302,1798,1762,1804,1864,1788,1842,1820,80,58,2740296,4988938.75 ,782468,
BU,20160303,1842,1820,1836,1878,1824,1832,1850,12,30,2703608,5003245.84 ,829710,
BU,20160304,1832,1850,1830,1876,1810,1844,1838,-6,-12,2899824,5333988.03 ,831862,
BU,20160307,1844,1838,1848,1948,1840,1948,1898,110,60,5260328,9986886.47 ,875632,
BU,20160308,1948,1898,1948,1996,1728,1860,1900,-38,2,5742748,10917146.59 ,761660,
BU,20160309,1860,1900,1878,1880,1786,1828,1814,-72,-86,3491494,6339235.76 ,720340,
BU,20160310,1828,1814,1838,1866,1774,1780,1824,-34,10,3683498,6719381.48 ,822746,
BU,20160311,1780,1824,1784,1824,1776,1800,1800,-24,-24,2204946,3971908.58 ,832064,
BU,20160314,1800,1800,1796,1848,1792,1806,1820,6,20,2197224,4001078.28 ,819336,
BU,20160315,1806,1820,1800,1822,1784,1796,1800,-24,-20,1843896,3322579.62 ,813770,
BU,20160316,1796,1800,1786,1834,1784,1828,1816,28,16,1936086,3519300.18 ,761932,
BU,20160317,1828,1816,1824,1876,1822,1868,1850,52,34,1437004,2659343.46 ,751520,
BU,20160318,1868,1850,1868,1932,1862,1902,1902,52,52,2095300,3988937.70 ,744018,
BU,20160321,1902,1902,1912,1928,1872,1892,1898,-10,-4,1918150,3643325.82 ,736666,
BU,20160322,1892,1898,1902,1922,1876,1886,1898,-12,0,1343074,2550757.50 ,751144,
BU,20160323,1886,1898,1882,1914,1844,1848,1882,-50,-16,1536662,2892116.48 ,796094,
BU,20160324,1848,1882,1850,1858,1768,1768,1810,-114,-72,2236036,4047802.14 ,748450,
BU,20160325,1768,1810,1758,1790,1750,1782,1770,-28,-40,1250722,2215264.74 ,720846,
BU,20160328,1782,1770,1788,1806,1750,1752,1788,-18,18,972924,1740074.64 ,730762,
BU,20160329,1752,1788,1752,1772,1726,1736,1750,-52,-38,1161106,2032187.20 ,741762,
BU,20160330,1736,1750,1730,1768,1724,1758,1748,8,-2,919076,1607217.09 ,737692,
BU,20160331,1758,1748,1766,1794,1730,1748,1760,0,12,1347656,2372994.45 ,734214,
BU,20160401,1748,1760,1760,1780,1750,1770,1762,10,2,937204,1652943.19 ,658000,
BU,20160405,1770,1762,1716,1730,1674,1698,1700,-64,-62,1000870,1701705.08 ,621604,
BU,20160406,1698,1700,1694,1722,1690,1714,1708,14,8,508408,869157.09 ,561794,
BU,20160407,1714,1708,1712,1746,1710,1716,1726,8,18,411808,711010.22 ,549820,
BU,20160408,1716,1726,1710,1746,1706,1744,1726,18,0,379174,654793.34 ,478700,
BU,20160411,1836,1808,1858,1916,1856,1882,1886,74,78,1755004,3312034.35 ,518964,
BU,20160412,1882,1886,1896,1924,1878,1912,1900,26,14,1457028,2770205.33 ,582636,
BU,20160413,1912,1900,1920,2012,1904,1942,1952,42,52,2814634,5496909.39 ,677080,
BU,20160414,1942,1952,1954,1996,1944,1964,1964,12,12,2114392,4155265.00 ,702642,
BU,20160415,1964,1964,1982,1994,1944,1958,1970,-6,6,1790988,3528461.88 ,695790,
BU,20160418,1958,1970,1936,1966,1906,1948,1936,-22,-34,2313410,4479722.12 ,651944,
BU,20160419,1948,1936,1960,2042,1946,2006,1998,70,62,3509740,7013023.33 ,722328,
BU,20160420,2006,1998,2012,2080,1986,2052,2034,54,36,4386232,8925031.99 ,859642,
BU,20160421,2052,2034,2044,2156,2014,2156,2088,122,54,4605280,9619707.96 ,892258,
BU,20160422,2156,2088,2150,2180,2014,2068,2096,-20,8,5332934,11180014.20 ,833966,
BU,20160425,2068,2096,2080,2184,2030,2080,2106,-16,10,5143508,10834192.35 ,851316,
BU,20160426,2080,2106,2090,2112,2038,2074,2082,-32,-24,3083122,6420202.63 ,765266,
BU,20160427,2074,2082,2096,2146,2042,2098,2098,16,16,4182762,8779515.48 ,874560,
BU,20160428,2098,2098,2106,2116,2024,2056,2074,-42,-24,3514638,7295154.47 ,902406,
BU,20160429,2056,2074,2074,2090,2048,2066,2072,-8,-2,2101698,4355561.42 ,895958,
BU,20160503,2066,2072,2030,2046,1972,1996,1998,-76,-74,1492678,2983922.49 ,943200,
BU,20160504,1996,1998,1978,1996,1962,1970,1976,-28,-22,1336884,2643534.80 ,955516,
BU,20160505,1970,1976,1986,1996,1958,1978,1980,2,4,1331200,2637778.43 ,969338,
BU,20160506,1978,1980,2004,2014,1912,1926,1956,-54,-24,1935576,3786461.59 ,953252,
BU,20160509,1926,1956,1922,1952,1872,1892,1912,-64,-44,1707024,3264722.49 ,925410,
BU,20160510,1892,1912,1870,1904,1852,1898,1880,-14,-32,1423906,2677854.86 ,843742,
BU,20160511,1898,1880,1902,1954,1898,1944,1930,64,50,1658412,3201657.69 ,865578,
BU,20160512,1944,1930,1944,1992,1922,1970,1956,40,26,1627936,3186961.66 ,889534,
BU,20160513,1970,1956,1978,1998,1918,1932,1954,-24,-2,2105406,4115888.26 ,816534,
BU,20160516,1932,1954,1940,1996,1912,1986,1962,32,8,1667746,3273784.22 ,826202,
BU,20160517,1986,1962,1994,2032,1988,2008,2010,46,48,1705364,3429245.66 ,893662,
BU,20160518,2008,2010,1996,2030,1968,1984,2000,-26,-10,1793446,3588344.84 ,853260,
BU,20160519,1984,2000,1982,2018,1932,1932,1982,-68,-18,1864300,3695366.57 ,783242,
BU,20160520,1932,1982,1920,1962,1896,1944,1932,-38,-50,1466336,2833068.96 ,771988,
BU,20160523,1944,1932,1938,1954,1818,1860,1880,-72,-52,1765104,3321011.49 ,677140,
BU,20160524,1860,1880,1848,1878,1824,1832,1848,-48,-32,1405162,2598012.86 ,685886,
BU,20160525,1832,1848,1850,1878,1842,1870,1860,22,12,1190562,2214605.94 ,671968,
BU,20160526,1870,1860,1872,1898,1860,1884,1878,24,18,1266334,2379162.48 ,681192,
BU,20160527,1884,1878,1896,1896,1832,1836,1854,-42,-24,1437378,2666759.09 ,764626,
BU,20160530,1836,1854,1828,1866,1822,1854,1846,0,-8,1042176,1925000.90 ,752956,
BU,20160531,1854,1846,1858,1890,1850,1860,1870,14,24,1087928,2035167.77 ,734676,
BU,20160601,1860,1870,1862,1874,1812,1828,1844,-42,-26,1342288,2476907.94 ,819256,
BU,20160602,1828,1844,1830,1868,1820,1856,1846,12,2,841390,1554645.36 ,769240,
BU,20160603,1856,1846,1850,1882,1840,1876,1860,30,14,765912,1425432.26 ,745278,
BU,20160606,1876,1860,1880,1914,1856,1914,1886,54,26,946152,1785069.23 ,701370,
BU,20160607,1914,1886,1924,1928,1894,1922,1912,36,26,888074,1699279.26 ,691452,
BU,20160608,1922,1912,1928,1932,1900,1912,1914,0,2,651898,1248919.82 ,667696,
BU,20160613,1912,1914,1876,1928,1866,1918,1906,4,-8,549430,1048042.08 ,676732,
BU,20160614,1918,1906,1914,1964,1910,1936,1938,30,32,1063158,2061399.99 ,674708,
BU,20160615,1936,1938,1936,1956,1900,1930,1924,-8,-14,871700,1678269.09 ,664092,
BU,20160616,1930,1924,1934,1940,1916,1922,1926,-2,2,749784,1444962.33 ,654102,
BU,20160617,1922,1926,1914,1926,1882,1924,1902,-2,-24,891420,1695575.11 ,670912,
BU,20160620,1924,1902,1932,1992,1922,1990,1964,88,62,1139642,2239174.69 ,706354,
BU,20160621,1990,1964,1998,2008,1964,1972,1986,8,22,865556,1719159.53 ,673328,
BU,20160622,1972,1986,1962,2026,1952,2026,1996,40,10,1025850,2047902.34 ,757850,
BU,20160623,2026,1996,2020,2040,2006,2018,2020,22,24,1046456,2115438.87 ,765542,
BU,20160624,2018,2020,2030,2046,1966,1970,2002,-50,-18,1441306,2888329.68 ,671236,
BU,20160627,1970,2002,1974,2030,1968,2028,1998,26,-4,952414,1904067.02 ,697124,
BU,20160628,2028,1998,2006,2036,1982,2022,2012,24,14,1157080,2329046.89 ,743560,
BU,20160629,2022,2012,2036,2072,2024,2060,2046,48,34,1727864,3537555.43 ,785108,
BU,20160630,2060,2046,2066,2116,2050,2082,2078,36,32,1459324,3034377.30 ,743532,
BU,20160701,2082,2078,2066,2088,2036,2040,2068,-38,-10,1054538,2182020.58 ,708772,
BU,20160704,2040,2068,2040,2154,2038,2136,2106,68,38,1881130,3965373.51 ,734030,
BU,20160705,2136,2106,2140,2152,2000,2032,2074,-74,-32,1702278,3533340.91 ,693486,
BU,20160706,2032,2074,2020,2044,1948,1952,1986,-122,-88,1570612,3120539.80 ,675064,
BU,20160707,1952,1986,1940,1988,1936,1952,1966,-34,-20,936470,1841712.48 ,638988,
BU,20160708,1952,1966,1960,1976,1902,1932,1936,-34,-30,1035238,2004988.88 ,619876,
BU,20160711,1932,1936,1936,1970,1920,1964,1944,28,8,785728,1528440.99 ,617756,
BU,20160712,1964,1944,1974,2024,1960,2024,1988,80,44,886348,1762590.87 ,606514,
BU,20160713,2024,1988,2038,2066,2000,2020,2034,32,46,1084318,2206991.42 ,595462,
BU,20160714,2020,2034,2026,2092,1996,2076,2052,42,18,1426486,2929136.31 ,642740,
BU,20160715,2076,2052,2082,2090,2044,2074,2064,22,12,903458,1864943.16 ,635168,
BU,20160718,2074,2064,2088,2092,1974,1982,2034,-82,-30,961494,1956227.93 ,605264,
BU,20160719,1982,2034,1970,2002,1952,1980,1978,-54,-56,672526,1331491.14 ,599880,
BU,20160720,1980,1978,1984,1992,1956,1990,1978,12,0,626018,1238880.48 ,587790,
BU,20160721,1990,1978,1982,2044,1968,2040,2010,62,32,862816,1735245.83 ,584514,
BU,20160722,2040,2010,2038,2044,1972,1978,2006,-32,-4,710992,1427575.91 ,552528,
BU,20160725,1978,2006,1984,1994,1938,1994,1970,-12,-36,691634,1363868.42 ,525452,
BU,20160726,1994,1970,1990,2014,1966,2004,1992,34,22,844882,1684012.35 ,534450,
BU,20160727,2004,1992,1994,2040,1972,1982,2010,-10,18,1051170,2113928.03 ,494430,
BU,20160728,1982,2010,1986,2004,1964,1976,1986,-34,-24,793662,1576352.28 ,474396,
BU,20160729,1976,1986,1980,1990,1868,1882,1936,-104,-50,1102928,2136080.49 ,465660,
BU,20160801,1882,1936,1882,1924,1878,1910,1904,-26,-32,616854,1175541.52 ,445322,
BU,20160802,1966,1952,1954,1976,1934,1966,1952,14,0,375188,732849.10 ,502104,
BU,20160803,1966,1952,1978,2004,1952,1960,1974,8,22,464428,916844.46 ,542312,
BU,20160804,1960,1974,1970,1990,1946,1964,1966,-10,-8,727214,1429709.44 ,602890,
BU,20160805,1964,1966,1964,1984,1956,1964,1968,-2,2,673230,1325693.31 ,631284,
BU,20160808,1964,1968,1968,2012,1936,2004,1982,36,14,1067934,2117585.06 ,662628,
BU,20160809,2004,1982,2010,2020,1976,2002,2000,20,18,777870,1556089.20 ,696022,
BU,20160810,2002,2000,2004,2022,1984,1996,2006,-4,6,820452,1646871.78 ,730560,
BU,20160811,1996,2006,2004,2014,1972,1980,1990,-26,-16,893488,1779034.84 ,817918,
BU,20160812,1980,1990,1982,2030,1978,2030,2006,40,16,887836,1782236.08 ,783262,
BU,20160815,2030,2006,2022,2054,2008,2038,2030,32,24,934236,1897300.07 ,838390,
BU,20160816,2038,2030,2038,2054,2020,2020,2032,-10,2,894626,1818802.70 ,895662,
BU,20160817,2020,2032,2024,2044,2016,2022,2028,-10,-4,800096,1623935.44 ,941798,
BU,20160818,2022,2028,2028,2034,1986,1996,2012,-32,-16,1036706,2086034.44 ,974528,
BU,20160819,1996,2012,2002,2010,1954,1964,1980,-48,-32,1212006,2402058.58 ,1070166,
BU,20160822,1964,1980,1958,1974,1896,1896,1934,-84,-46,1181930,2287654.21 ,1101950,
BU,20160823,1896,1934,1896,1914,1884,1892,1898,-42,-36,857706,1628677.26 ,1140322,
BU,20160824,1892,1898,1894,1918,1888,1896,1902,-2,4,669334,1273546.24 ,1145184,
BU,20160825,1896,1902,1896,1908,1832,1854,1862,-48,-40,1250470,2328796.01 ,1164012,
BU,20160826,1854,1862,1856,1888,1850,1870,1866,8,4,803374,1500307.02 ,1121248,
BU,20160829,1870,1866,1872,1900,1864,1878,1882,12,16,829294,1560825.59 ,1118902,
BU,20160830,1878,1882,1878,1884,1852,1858,1868,-24,-14,672114,1256078.37 ,1165796,
BU,20160831,1858,1868,1860,1872,1824,1852,1846,-16,-22,977742,1805336.06 ,1188736,
BU,20160901,1852,1846,1850,1880,1844,1876,1862,30,16,758924,1414480.30 ,1148044,
BU,20160902,1876,1862,1870,1888,1858,1868,1874,6,12,756322,1417585.44 ,1143120,
BU,20160905,1868,1874,1874,1892,1862,1880,1876,6,2,811734,1524116.47 ,1147110,
BU,20160906,1880,1876,1886,1916,1874,1910,1896,34,20,814770,1545562.93 ,1119244,
BU,20160907,1910,1896,1900,1914,1894,1904,1904,8,8,684980,1304398.48 ,1103526,
BU,20160908,1904,1904,1904,1924,1878,1902,1896,-2,-8,854042,1619873.90 ,1105352,
BU,20160909,1902,1896,1900,1912,1894,1898,1902,2,6,584228,1112281.06 ,1103552,
BU,20160912,1898,1902,1894,1898,1814,1824,1850,-78,-52,1304586,2414622.93 ,1184424,
BU,20160913,1824,1850,1824,1838,1810,1824,1826,-26,-24,758430,1385219.58 ,1193270,
BU,20160914,1824,1826,1820,1836,1808,1818,1820,-8,-6,711978,1296966.94 ,1196574,
BU,20160919,1818,1820,1812,1846,1810,1840,1834,20,14,413636,758762.36 ,1167094,
BU,20160920,1840,1834,1840,1854,1832,1840,1842,6,8,603340,1111364.77 ,1182686,
BU,20160921,1840,1842,1838,1858,1826,1830,1842,-12,0,745628,1374280.24 ,1194688,
BU,20160922,1830,1842,1826,1862,1818,1822,1838,-20,-4,1073962,1975721.29 ,1256948,
BU,20160923,1822,1838,1828,1838,1796,1830,1820,-8,-18,1092494,1989013.33 ,1293324,
BU,20160926,1830,1820,1832,1842,1812,1822,1830,2,10,717356,1312877.60 ,1279178,
BU,20160927,1822,1830,1824,1832,1796,1808,1812,-22,-18,863472,1566081.61 ,1337214,
BU,20160928,1808,1812,1802,1802,1702,1718,1744,-94,-68,2138790,3730305.61 ,1280228,
BU,20160929,1718,1744,1718,1756,1702,1734,1730,-10,-14,1328252,2299345.76 ,1169824,
BU,20160930,1734,1730,1740,1750,1718,1732,1734,2,4,656974,1139830.86 ,1097890,
BU,20161010,1732,1734,1752,1756,1724,1730,1734,-4,0,527332,915119.85 ,1117774,
BU,20161011,1730,1734,1740,1794,1740,1770,1770,36,36,1318480,2334479.76 ,1115182,
BU,20161012,1770,1770,1764,1774,1726,1736,1750,-34,-20,826628,1447613.57 ,1203980,
BU,20161013,1736,1750,1738,1746,1716,1730,1730,-20,-20,928164,1605962.19 ,1180382,
BU,20161014,1730,1730,1730,1742,1704,1720,1724,-10,-6,1053922,1818375.94 ,1253320,
BU,20161017,1720,1724,1724,1786,1720,1776,1760,52,36,1475788,2598265.14 ,1133460,
BU,20161018,1776,1760,1780,1786,1752,1770,1764,10,4,791806,1397424.66 ,1108172,
BU,20161019,1770,1764,1770,1790,1756,1770,1772,6,8,1181716,2095420.98 ,1065426,
BU,20161020,1770,1772,1774,1852,1774,1836,1820,64,48,2028104,3691374.87 ,982006,
BU,20161021,1836,1820,1830,1834,1804,1830,1818,10,-2,916266,1666690.30 ,969666,
BU,20161024,1830,1818,1832,1844,1818,1832,1830,14,12,763610,1398114.00 ,952194,
BU,20161025,1832,1830,1830,1856,1790,1802,1820,-28,-10,1460518,2660048.57 ,964746,
BU,20161026,1802,1820,1802,1812,1730,1760,1762,-60,-58,1722100,3037099.68 ,962076,
BU,20161027,1760,1762,1758,1790,1752,1772,1770,10,8,1041730,1844909.80 ,882518,
BU,20161028,1772,1770,1772,1824,1772,1820,1802,50,32,1210710,2183589.36 ,812336,
BU,20161031,1820,1802,1816,1826,1772,1812,1800,10,-2,1270006,2286049.98 ,753820,
BU,20161101,1812,1800,1808,1846,1770,1828,1808,28,8,1256372,2273956.84 ,695362,
BU,20161102,1828,1808,1828,1890,1808,1818,1848,10,40,1568530,2900320.74 ,666614,
BU,20161103,1818,1848,1816,1826,1794,1814,1808,-34,-40,820072,1483780.96 ,663712,
BU,20161104,1814,1808,1814,1834,1750,1756,1786,-52,-22,1170262,2090204.69 ,670200,
BU,20161107,1756,1786,1750,1802,1748,1772,1774,-14,-12,896268,1591566.73 ,659784,
BU,20161108,1772,1774,1774,1838,1770,1818,1804,44,30,1106554,1997434.07 ,618792,
BU,20161109,1818,1804,1816,1844,1800,1820,1822,16,18,1033388,1884655.26 ,551112,
BU,20161110,1820,1822,1828,1906,1824,1892,1870,70,48,1213816,2269906.32 ,488280,
BU,20161111,2194,2150,2192,2264,2164,2248,2218,98,68,1511354,3353887.11 ,732758,
BU,20161114,2248,2218,2248,2296,2084,2084,2170,-134,-48,1710012,3712856.61 ,663306,
BU,20161115,2084,2170,2084,2128,2060,2120,2098,-50,-72,1090110,2288324.98 ,730172,
BU,20161116,2120,2098,2132,2188,2128,2188,2158,90,60,1240456,2678201.54 ,797768,
BU,20161117,2188,2158,2180,2198,2140,2182,2170,24,12,1053888,2288812.11 ,801028,
BU,20161118,2182,2170,2200,2204,2148,2168,2172,-2,2,967566,2102867.56 ,810026,
BU,20161121,2168,2172,2180,2256,2150,2246,2204,74,32,1310426,2889500.54 ,839744,
BU,20161122,2246,2204,2256,2336,2242,2326,2298,122,94,1430114,3288843.27 ,845928,
BU,20161123,2326,2298,2302,2396,2258,2348,2340,50,42,1652108,3866692.72 ,884780,
BU,20161124,2348,2340,2350,2368,2290,2312,2328,-28,-12,1486792,3464126.08 ,883330,
BU,20161125,2312,2328,2322,2362,2250,2288,2304,-40,-24,1393032,3212001.52 ,872974,
BU,20161128,2288,2304,2292,2358,2256,2342,2306,38,2,1441558,3327055.20 ,953482,
BU,20161129,2342,2306,2352,2378,2284,2304,2334,-2,28,1361690,3179677.39 ,912064,
BU,20161130,2304,2334,2280,2302,2178,2228,2240,-106,-94,1623202,3638675.99 ,821776,
BU,20161201,2228,2240,2278,2382,2276,2344,2328,104,88,2075150,4834093.91 ,813716,
BU,20161202,2344,2328,2360,2374,2292,2338,2336,10,8,1233134,2881709.68 ,779650,
BU,20161205,2338,2336,2328,2438,2318,2418,2382,82,46,1360676,3243418.07 ,802468,
BU,20161206,2418,2382,2430,2454,2390,2410,2420,28,38,1049410,2539815.86 ,820884,
BU,20161207,2410,2420,2408,2482,2394,2444,2434,24,14,1294240,3152718.42 ,810716,
BU,20161208,2444,2434,2444,2470,2374,2392,2418,-42,-16,886768,2144626.49 ,777232,
BU,20161209,2392,2418,2402,2506,2390,2466,2446,48,28,1604898,3926816.41 ,812912,
BU,20161212,2466,2446,2470,2576,2450,2544,2522,98,76,1138960,2873692.52 ,804014,
BU,20161213,2544,2522,2544,2558,2492,2538,2530,16,8,791020,2001340.12 ,806858,
BU,20161214,2538,2530,2554,2568,2486,2520,2524,-10,-6,894832,2259708.83 ,828764,
BU,20161215,2520,2524,2518,2518,2468,2510,2494,-14,-30,896400,2235798.60 ,841752,
BU,20161216,2510,2494,2502,2550,2478,2484,2512,-10,18,942928,2369841.46 ,822244,
BU,20161219,2484,2512,2490,2616,2484,2576,2556,64,44,1365748,3492849.93 ,772312,
BU,20161220,2576,2556,2580,2632,2534,2588,2584,32,28,1956368,5057831.08 ,746892,
BU,20161221,2588,2584,2600,2628,2564,2592,2592,8,8,1348748,3496905.04 ,762640,
BU,20161222,2592,2592,2592,2592,2510,2510,2554,-82,-38,1254588,3205862.90 ,748856,
BU,20161223,2510,2554,2500,2536,2458,2500,2496,-54,-58,1313346,3278536.40 ,699552,
BU,20161226,2500,2496,2490,2514,2416,2468,2466,-28,-30,1297160,3200037.43 ,664340,
BU,20161227,2468,2466,2468,2638,2446,2638,2520,172,54,1532322,3861824.26 ,723478,
BU,20161228,2638,2520,2650,2696,2632,2696,2672,176,152,1101560,2943878.64 ,764588,
BU,20161229,2696,2672,2718,2778,2670,2752,2720,80,48,1912888,5205627.42 ,774820,
BU,20161230,2752,2720,2752,2756,2696,2738,2722,18,2,1271218,3462398.96 ,733132,
BU,20170103,2738,2722,2744,2840,2640,2648,2704,-74,-18,1150324,3112688.71 ,661326,
BU,20170104,2648,2704,2672,2688,2620,2654,2654,-50,-50,1246914,3310167.12 ,660222,
BU,20170105,2654,2654,2652,2688,2632,2646,2658,-8,4,1097738,2918283.15 ,688436,
BU,20170106,2646,2658,2656,2736,2648,2678,2694,20,36,1538938,4146650.20 ,699410,
BU,20170109,2678,2694,2688,2728,2660,2712,2692,18,-2,1451250,3908583.11 ,707184,
BU,20170110,2712,2692,2692,2696,2616,2666,2652,-26,-40,1431284,3798602.02 ,718312,
BU,20170111,2666,2652,2664,2750,2652,2674,2704,22,52,1717162,4644230.18 ,727774,
BU,20170112,2674,2704,2676,2734,2660,2702,2696,-2,-8,1208802,3260965.09 ,718552,
BU,20170113,2702,2696,2718,2768,2710,2744,2734,48,38,1322156,3616577.15 ,754198,
BU,20170116,2744,2734,2734,2786,2718,2746,2748,12,14,1064008,2924482.53 ,711284,
BU,20170117,2746,2748,2744,2774,2668,2672,2726,-76,-22,1109854,3025905.73 ,683148,
BU,20170118,2672,2726,2696,2712,2658,2676,2682,-50,-44,849038,2277430.02 ,656518,
BU,20170119,2676,2682,2654,2658,2620,2648,2640,-34,-42,834560,2204782.66 ,682814,
BU,20170120,2648,2640,2648,2686,2568,2570,2628,-70,-12,953984,2507374.86 ,659442,
BU,20170123,2570,2628,2580,2626,2578,2590,2600,-38,-28,667384,1735600.13 ,626228,
BU,20170124,2590,2600,2582,2650,2572,2634,2616,34,16,636856,1666317.90 ,559254,
BU,20170125,2634,2616,2632,2648,2594,2642,2626,26,10,482304,1267013.18 ,528860,
BU,20170126,2642,2626,2634,2696,2624,2694,2660,68,34,440686,1172803.71 ,492340,
BU,20170203,2694,2660,2708,2734,2666,2720,2700,60,40,469156,1267421.97 ,520744,
BU,20170206,2720,2700,2720,2748,2702,2742,2728,42,28,561190,1531100.72 ,553114,
BU,20170207,2742,2728,2738,2742,2684,2716,2714,-12,-14,495728,1345755.10 ,555592,
BU,20170208,2716,2714,2704,2762,2682,2758,2714,44,0,978580,2656778.18 ,647474,
BU,20170209,2758,2714,2760,2772,2718,2734,2750,20,36,714560,1965418.23 ,593794,
BU,20170210,2734,2750,2736,2822,2728,2808,2774,58,24,892050,2474922.85 ,643434,
BU,20170213,2808,2774,2828,2968,2818,2938,2902,164,128,1270770,3690152.36 ,744990,
BU,20170214,2938,2902,2940,2958,2904,2936,2932,34,30,624292,1830862.23 ,733926,
BU,20170215,2936,2932,2940,2978,2816,2826,2886,-106,-46,1190362,3436477.53 ,650576,
BU,20170216,2826,2886,2818,2868,2770,2806,2826,-80,-60,863988,2442422.18 ,616676,
BU,20170217,2806,2826,2808,2844,2776,2804,2814,-22,-12,741822,2087670.09 ,611740,
BU,20170220,2804,2814,2796,2890,2762,2884,2832,70,18,1006032,2849827.61 ,660862,
BU,20170221,2884,2832,2890,2902,2820,2842,2862,10,30,775316,2220485.57 ,638140,
BU,20170222,2842,2862,2860,2912,2850,2900,2884,38,22,1364286,3935187.10 ,704140,
BU,20170223,2900,2884,2880,2898,2780,2804,2850,-80,-34,1268384,3617084.42 ,632528,
BU,20170224,2804,2850,2820,2880,2772,2880,2824,30,-26,979666,2767345.00 ,621212,
BU,20170227,2880,2824,2874,2950,2870,2930,2912,106,88,1029086,2998453.45 ,647612,
BU,20170228,2930,2912,2930,2944,2868,2886,2908,-26,-4,789104,2294741.43 ,615070,
BU,20170301,2886,2908,2886,2956,2864,2940,2914,32,6,1236178,3604405.42 ,670716,
BU,20170302,2940,2914,2950,2956,2876,2888,2912,-26,-2,919922,2679037.74 ,635498,
BU,20170303,2888,2912,2876,2878,2826,2864,2856,-48,-56,900698,2572518.69 ,607948,
BU,20170306,2864,2856,2870,2894,2822,2842,2854,-14,-2,862948,2463870.40 ,623272,
BU,20170307,2842,2854,2844,2872,2840,2852,2854,-2,0,663238,1893996.62 ,614666,
BU,20170308,2852,2854,2860,2916,2776,2788,2848,-66,-6,1675160,4771357.46 ,646300,
BU,20170309,2788,2848,2790,2798,2656,2680,2712,-168,-136,1394214,3781360.30 ,612408,
BU,20170310,2680,2712,2650,2694,2628,2650,2662,-62,-50,993592,2646101.84 ,613306,
BU,20170313,2650,2662,2680,2716,2600,2714,2654,52,-8,1076320,2857136.30 ,579396,
BU,20170314,2714,2654,2706,2710,2618,2628,2664,-26,10,938012,2500526.64 ,618666,
BU,20170315,2628,2664,2596,2690,2588,2678,2644,14,-20,1032238,2730043.18 ,566434,
BU,20170316,2678,2644,2682,2716,2664,2694,2686,50,42,840262,2258451.19 ,540376,
BU,20170317,2694,2686,2696,2706,2638,2688,2678,2,-8,814874,2182899.45 ,513452,
BU,20170320,2688,2678,2696,2742,2650,2694,2700,16,22,873942,2360723.32 ,515514,
BU,20170321,2694,2700,2680,2724,2668,2724,2696,24,-4,864290,2330721.78 ,521744,
BU,20170322,2724,2696,2718,2718,2578,2590,2640,-106,-56,1121714,2962206.21 ,577136,
BU,20170323,2590,2640,2582,2626,2550,2578,2586,-62,-54,992454,2566578.05 ,566142,
BU,20170324,2578,2586,2570,2604,2560,2580,2582,-6,-4,678868,1753470.06 ,555848,
BU,20170327,2580,2582,2580,2592,2490,2522,2530,-60,-52,871810,2206679.43 ,574366,
BU,20170328,2522,2530,2520,2596,2512,2588,2558,58,28,833310,2132014.26 ,545618,
BU,20170329,2588,2558,2598,2624,2580,2616,2600,58,42,577008,1500876.52 ,508158,
BU,20170330,2616,2600,2602,2646,2584,2616,2612,16,12,699764,1828637.02 ,524140,
BU,20170331,2616,2612,2628,2654,2604,2620,2626,8,14,629272,1652677.46 ,473130,
BU,20170405,2620,2626,2654,2808,2654,2778,2740,152,114,790746,2168110.58 ,479648,
BU,20170406,2778,2740,2794,2796,2746,2780,2772,40,32,621244,1722631.20 ,461690,
BU,20170407,2780,2772,2788,2836,2722,2744,2774,-28,2,1092128,3030372.99 ,445086,
BU,20170410,2744,2774,2736,2776,2704,2734,2732,-40,-42,706452,1930812.93 ,434102,
BU,20170411,2734,2732,2742,2756,2546,2552,2652,-180,-80,1193670,3167090.73 ,466432,
BU,20170412,2552,2652,2564,2584,2520,2548,2556,-104,-96,641810,1640530.30 ,419148,
BU,20170413,2548,2556,2548,2566,2518,2540,2544,-16,-12,581482,1479891.89 ,409952,
BU,20170414,2540,2544,2544,2564,2424,2458,2480,-86,-64,1009050,2504418.69 ,453074,
BU,20170417,2458,2480,2466,2532,2454,2502,2494,22,14,640654,1597998.18 ,416822,
BU,20170418,2502,2494,2516,2522,2458,2472,2486,-22,-8,425662,1058728.05 ,410206,
BU,20170419,2472,2486,2470,2514,2402,2510,2458,24,-28,724128,1781043.03 ,401276,
BU,20170420,2510,2458,2510,2530,2420,2496,2472,38,14,639490,1581822.10 ,365690,
BU,20170421,2496,2472,2488,2510,2448,2472,2480,0,8,551230,1367358.62 ,365824,
BU,20170424,2472,2480,2480,2486,2422,2468,2452,-12,-28,431612,1059006.91 ,330278,
BU,20170425,2550,2542,2538,2584,2536,2568,2562,26,20,436720,1119579.64 ,378140,
BU,20170426,2568,2562,2554,2568,2494,2532,2526,-30,-36,881824,2228412.04 ,440726,
BU,20170427,2532,2526,2530,2588,2512,2586,2562,60,36,768826,1970383.52 ,436702,
BU,20170428,2586,2562,2564,2648,2562,2638,2606,76,44,837834,2183573.31 ,431722,
BU,20170502,2638,2606,2636,2646,2606,2634,2626,28,20,370132,972399.56 ,447732,
BU,20170503,2634,2626,2640,2646,2614,2634,2630,8,4,489678,1288029.42 ,454340,
BU,20170504,2634,2630,2624,2628,2480,2534,2550,-96,-80,1017558,2596615.77 ,404394,
BU,20170505,2534,2550,2520,2532,2412,2418,2466,-132,-84,1054616,2600793.76 ,470550,
BU,20170508,2418,2466,2430,2488,2430,2456,2458,-10,-8,652098,1603369.70 ,446198,
BU,20170509,2456,2458,2442,2478,2432,2468,2460,10,2,506390,1246163.28 ,463628,
BU,20170510,2468,2460,2460,2488,2438,2456,2460,-4,0,724454,1783517.13 ,466522,
BU,20170511,2456,2460,2468,2506,2446,2486,2476,26,16,970482,2404080.88 ,482558,
BU,20170512,2486,2476,2486,2498,2410,2458,2448,-18,-28,916918,2245224.62 ,494408,
BU,20170515,2458,2448,2460,2524,2448,2518,2484,70,36,698732,1736006.09 ,475114,
BU,20170516,2518,2484,2538,2556,2506,2554,2528,70,44,632034,1598400.04 ,480300,
BU,20170517,2554,2528,2554,2566,2528,2542,2544,14,16,588694,1498459.53 ,456336,
BU,20170518,2542,2544,2550,2568,2502,2550,2534,6,-10,815148,2066922.27 ,475900,
BU,20170519,2550,2534,2534,2606,2520,2596,2572,62,38,872552,2245823.09 ,489584,
BU,20170522,2596,2572,2602,2626,2582,2600,2604,28,32,682824,1778732.82 ,509826,
BU,20170523,2600,2604,2604,2624,2512,2518,2568,-86,-36,1009130,2591675.29 ,510182,
BU,20170524,2518,2568,2518,2536,2476,2516,2514,-52,-54,671976,1690282.10 ,508694,
BU,20170525,2516,2514,2504,2590,2504,2570,2550,56,36,731192,1864903.23 ,509422,
BU,20170526,2570,2550,2548,2560,2442,2474,2486,-76,-64,820480,2040467.16 ,483474,
BU,20170531,2474,2486,2476,2488,2322,2342,2400,-144,-86,732080,1757907.98 ,556946,
BU,20170601,2342,2400,2332,2372,2318,2354,2344,-46,-56,479544,1124805.62 ,555638,
BU,20170602,2354,2344,2348,2358,2308,2314,2330,-30,-14,589550,1374762.41 ,589112,
BU,20170605,2314,2330,2308,2364,2292,2346,2338,16,8,553922,1296073.84 ,558402,
BU,20170606,2346,2338,2328,2384,2316,2372,2350,34,12,632932,1487394.20 ,553672,
BU,20170607,2372,2350,2368,2382,2350,2364,2366,14,16,467468,1106197.63 ,556006,
BU,20170608,2364,2366,2356,2366,2318,2350,2340,-16,-26,726104,1700504.52 ,553486,
BU,20170609,2350,2340,2340,2364,2324,2332,2344,-8,4,467456,1096209.04 ,566458,
BU,20170612,2332,2344,2336,2362,2310,2340,2340,-4,-4,665564,1558282.55 ,599636,
BU,20170613,2340,2340,2350,2370,2306,2318,2336,-22,-4,772360,1805729.68 ,638888,
BU,20170614,2318,2336,2312,2330,2262,2326,2296,-10,-40,1212004,2783038.30 ,645932,
BU,20170615,2326,2296,2326,2340,2286,2292,2310,-4,14,863914,1996274.20 ,660724,
BU,20170616,2292,2310,2288,2320,2274,2304,2300,-6,-10,660490,1519773.42 ,663754,
BU,20170619,2304,2300,2312,2320,2258,2302,2296,2,-4,895938,2058615.83 ,679304,
BU,20170620,2302,2296,2306,2330,2294,2316,2310,20,14,792662,1832244.30 ,698542,
BU,20170621,2316,2310,2290,2312,2246,2266,2274,-44,-36,1070740,2436730.64 ,785416,
BU,20170622,2266,2274,2274,2284,2238,2250,2262,-24,-12,872010,1973299.95 ,777942,
BU,20170623,2250,2262,2258,2274,2248,2264,2260,2,-2,491608,1111858.59 ,751318,
BU,20170626,2264,2260,2264,2288,2244,2280,2270,20,10,574548,1304878.04 ,726126,
BU,20170627,2280,2270,2278,2294,2260,2294,2274,24,4,554676,1261880.24 ,725164,
BU,20170628,2294,2274,2298,2324,2290,2302,2306,28,32,689450,1590788.41 ,697422,
BU,20170629,2302,2306,2310,2360,2300,2342,2338,36,32,1086858,2543122.52 ,690214,
BU,20170630,2342,2338,2350,2362,2330,2352,2346,14,8,546400,1282032.22 ,675358,
BU,20170703,2352,2346,2352,2384,2350,2366,2370,20,24,724374,1716829.71 ,681384,
BU,20170704,2366,2370,2368,2392,2304,2330,2348,-40,-22,793870,1864931.34 ,678866,
BU,20170705,2330,2348,2330,2376,2328,2368,2354,20,6,623604,1468567.59 ,666816,
BU,20170706,2368,2354,2354,2376,2328,2374,2350,20,-4,734262,1726466.68 ,678930,
BU,20170707,2374,2350,2378,2412,2360,2376,2382,26,32,966554,2304049.15 ,705408,
BU,20170710,2376,2382,2374,2398,2346,2376,2372,-6,-10,740708,1757821.80 ,687948,
BU,20170711,2376,2372,2370,2472,2370,2448,2430,76,58,1049926,2553008.90 ,726576,
BU,20170712,2448,2430,2444,2494,2438,2452,2458,22,28,866896,2132221.78 ,692584,
BU,20170713,2452,2458,2452,2480,2430,2476,2460,18,2,745350,1834281.66 ,705890,
BU,20170714,2476,2460,2484,2534,2450,2514,2500,54,40,1233954,3085591.84 ,709618,
BU,20170717,2514,2500,2518,2584,2510,2574,2556,74,56,983528,2515279.48 ,663390,
BU,20170718,2574,2556,2572,2596,2552,2564,2574,8,18,649900,1672898.72 ,635592,
BU,20170719,2564,2574,2576,2608,2576,2596,2590,22,16,606816,1572777.61 ,640036,
BU,20170720,2596,2590,2598,2618,2570,2574,2594,-16,4,890886,2311472.75 ,616022,
BU,20170721,2574,2594,2584,2588,2524,2548,2552,-46,-42,823928,2102816.10 ,553234,
BU,20170724,2548,2552,2538,2568,2516,2558,2548,6,-4,593742,1513226.90 ,555922,
BU,20170725,2558,2548,2566,2654,2560,2644,2618,96,70,991876,2598210.14 ,577056,
BU,20170726,2644,2618,2654,2670,2614,2626,2642,8,24,924110,2441653.15 ,526018,
BU,20170727,2626,2642,2634,2676,2618,2650,2646,8,4,665126,1760505.44 ,511688,
BU,20170728,2650,2646,2644,2662,2568,2598,2618,-48,-28,846168,2215707.16 ,439568,
BU,20170731,2598,2618,2606,2676,2600,2670,2646,52,28,640262,1694249.63 ,400392,
BU,20170801,2670,2646,2660,2688,2644,2656,2664,10,18,475872,1268032.23 ,375280,
BU,20170802,2738,2742,2728,2736,2674,2714,2708,-28,-34,300308,813499.81 ,425932,
BU,20170803,2714,2708,2718,2728,2668,2670,2708,-38,0,360712,976819.44 ,457050,
BU,20170804,2670,2708,2690,2742,2660,2678,2698,-30,-10,637956,1721325.49 ,498622,
BU,20170807,2678,2698,2686,2718,2614,2646,2660,-52,-38,854850,2274983.78 ,504488,
BU,20170808,2646,2660,2646,2678,2628,2678,2652,18,-8,589648,1564364.44 ,528442,
BU,20170809,2678,2652,2678,2736,2674,2718,2712,66,60,840446,2280534.17 ,576792,
BU,20170810,2718,2712,2728,2766,2694,2726,2728,14,16,742538,2026539.39 ,560972,
BU,20170811,2726,2728,2742,2748,2576,2584,2656,-144,-72,1194362,3173879.03 ,535070,
BU,20170814,2584,2656,2590,2618,2586,2594,2602,-62,-54,505194,1314709.42 ,543930,
BU,20170815,2594,2602,2588,2638,2586,2614,2618,12,16,793628,2078810.61 ,567816,
BU,20170816,2614,2618,2608,2632,2594,2626,2612,8,-6,477186,1247196.32 ,588106,
BU,20170817,2626,2612,2626,2698,2624,2682,2666,70,54,911802,2431282.66 ,628244,
BU,20170818,2682,2666,2672,2720,2666,2716,2696,50,30,698308,1883093.16 ,657350,
BU,20170821,2716,2696,2722,2738,2688,2716,2716,20,20,749344,2036324.98 ,660416,
BU,20170822,2716,2716,2716,2728,2656,2722,2694,6,-22,658716,1775359.16 ,676586,
BU,20170823,2722,2694,2716,2772,2666,2688,2726,-6,32,1340714,3655731.61 ,721536,
BU,20170824,2688,2726,2688,2746,2678,2740,2710,14,-16,836432,2267564.85 ,742970,
BU,20170825,2740,2710,2742,2798,2714,2756,2752,46,42,1084952,2986467.95 ,754562,
BU,20170828,2756,2752,2756,2782,2716,2742,2750,-10,-2,812104,2233887.21 ,737316,
BU,20170829,2742,2750,2744,2762,2684,2718,2722,-32,-28,941666,2564418.25 ,738794,
BU,20170830,2718,2722,2718,2734,2694,2710,2710,-12,-12,623066,1689605.42 ,740524,
BU,20170831,2710,2710,2708,2708,2620,2672,2664,-38,-46,735820,1960929.51 ,752548,
BU,20170901,2672,2664,2684,2724,2672,2704,2700,40,36,760764,2055242.41 ,755690,
BU,20170904,2704,2700,2712,2746,2590,2614,2674,-86,-26,1478126,3954449.80 ,757072,
BU,20170905,2614,2674,2618,2636,2582,2604,2608,-70,-66,896632,2338968.39 ,790422,
BU,20170906,2604,2608,2618,2636,2596,2608,2618,0,10,886368,2321574.08 ,805838,
BU,20170907,2608,2618,2620,2640,2510,2528,2574,-90,-44,1534516,3951068.35 ,791664,
BU,20170908,2528,2574,2530,2540,2456,2468,2502,-106,-72,1012090,2532254.06 ,773090,
BU,20170911,2468,2502,2464,2494,2446,2490,2474,-12,-28,710702,1759389.65 ,729228,
BU,20170912,2490,2474,2492,2510,2472,2498,2494,24,20,554610,1383448.68 ,712816,
BU,20170913,2498,2494,2502,2518,2462,2472,2488,-22,-6,677226,1685940.40 ,711544,
BU,20170914,2472,2488,2478,2512,2458,2474,2482,-14,-6,741650,1841755.98 ,702170,
BU,20170915,2474,2482,2484,2502,2432,2492,2474,10,-8,1192080,2950534.36 ,692290,
BU,20170918,2492,2474,2496,2526,2470,2504,2502,30,28,955928,2391764.14 ,685852,
BU,20170919,2504,2502,2498,2510,2454,2466,2478,-36,-24,791298,1961408.28 ,709008,
BU,20170920,2466,2478,2468,2486,2460,2474,2472,-4,-6,534660,1322050.34 ,691906,
BU,20170921,2474,2472,2478,2496,2408,2438,2454,-34,-18,931710,2287323.04 ,681548,
BU,20170922,2438,2454,2432,2488,2426,2486,2456,32,2,674120,1655800.10 ,650542,
BU,20170925,2486,2456,2488,2504,2474,2484,2488,28,32,641444,1596214.26 ,641944,
BU,20170926,2484,2488,2498,2516,2476,2502,2496,14,8,590602,1474487.53 ,622062,
BU,20170927,2502,2496,2498,2520,2484,2510,2502,14,6,518652,1298608.76 ,605014,
BU,20170928,2510,2502,2508,2516,2412,2434,2454,-68,-48,834566,2049053.65 ,571860,
BU,20170929,2434,2454,2442,2474,2422,2428,2448,-26,-6,527634,1291723.53 ,541504,
BU,20171009,2428,2448,2420,2444,2320,2354,2356,-94,-92,644356,1519155.17 ,583004,
BU,20171010,2354,2356,2366,2388,2358,2378,2372,22,16,441404,1047721.79 ,580444,
BU,20171011,2378,2372,2392,2416,2378,2402,2396,30,24,496650,1190193.68 ,570994,
BU,20171012,2402,2396,2400,2426,2370,2420,2402,24,6,469538,1127908.27 ,553736,
BU,20171013,2420,2402,2406,2434,2384,2426,2408,24,6,550530,1325944.94 ,558688,
BU,20171016,2426,2408,2430,2448,2372,2404,2406,-4,-2,681102,1639386.92 ,577828,
BU,20171017,2404,2406,2410,2426,2366,2416,2400,10,-6,778740,1869854.84 ,549306,
BU,20171018,2416,2400,2416,2430,2390,2412,2408,12,8,507884,1223231.70 ,541856,
BU,20171019,2412,2408,2418,2420,2360,2376,2392,-32,-16,615492,1473197.08 ,554356,
BU,20171020,2376,2392,2366,2410,2354,2400,2382,8,-10,509370,1213592.68 ,526038,
BU,20171023,2400,2382,2398,2432,2378,2414,2404,32,22,581196,1398319.04 ,503974,
BU,20171024,2414,2404,2412,2430,2406,2414,2418,10,14,351280,849637.40 ,488982,
BU,20171025,2414,2418,2420,2500,2418,2490,2468,72,50,800802,1977854.82 ,436066,
BU,20171026,2490,2468,2490,2494,2474,2488,2482,20,14,350782,871086.25 ,434734,
BU,20171027,2488,2482,2488,2508,2468,2482,2486,0,4,461826,1148402.51 ,403804,
BU,20171030,2482,2486,2480,2550,2456,2532,2514,46,28,656882,1652534.09 ,426504,
BU,20171031,2532,2514,2536,2546,2502,2506,2522,-8,8,457872,1154972.37 ,410890,
BU,20171101,2506,2522,2508,2522,2466,2478,2496,-44,-26,465264,1161901.52 ,401040,
BU,20171102,2478,2496,2480,2506,2464,2482,2486,-14,-10,357412,888858.89 ,381964,
BU,20171103,2482,2486,2484,2518,2480,2506,2502,20,16,337242,843894.56 ,367404,
BU,20171106,2506,2502,2504,2542,2486,2530,2518,28,16,429790,1082245.70 ,364626,
BU,20171107,2530,2518,2530,2568,2516,2544,2538,26,20,390530,991838.38 ,349334,
BU,20171108,2544,2538,2546,2552,2524,2542,2538,4,0,246686,626225.49 ,320766,
BU,20171109,2542,2538,2542,2570,2530,2540,2548,2,10,259694,661875.00 ,309644,
BU,20171110,2540,2548,2538,2556,2532,2540,2542,-8,-6,214374,545203.66 ,301732,
BU,20171113,2540,2542,2546,2590,2538,2582,2560,40,18,265238,679324.59 ,299184,
BU,20171114,2582,2560,2584,2588,2560,2564,2568,4,8,172546,443395.06 ,278350,
BU,20171115,2564,2568,2560,2580,2434,2450,2494,-118,-74,535306,1336077.22 ,230512,
BU,20171116,2450,2494,2448,2476,2448,2458,2462,-36,-32,146406,360558.90 ,217896,
BU,20171117,2458,2462,2452,2472,2444,2462,2460,0,-2,147044,361876.30 ,209616,
BU,20171120,2462,2460,2472,2546,2428,2542,2474,82,14,315534,781219.35 ,189652,
BU,20171121,2676,2654,2676,2700,2666,2696,2684,42,30,111322,299001.44 ,196704,
BU,20171122,2696,2684,2698,2752,2688,2748,2724,64,40,173074,471565.89 ,217288,
BU,20171123,2748,2724,2760,2776,2744,2758,2756,34,32,237008,653544.78 ,259840,
BU,20171124,2758,2756,2758,2788,2742,2768,2762,12,6,195030,538993.00 ,277066,
BU,20171127,2768,2762,2776,2784,2690,2702,2736,-60,-26,338392,925910.02 ,305088,
BU,20171128,2702,2736,2698,2724,2682,2716,2706,-20,-30,213288,577261.43 ,307868,
BU,20171129,2716,2706,2718,2728,2694,2698,2708,-8,2,260936,707011.98 ,313952,
BU,20171130,2698,2708,2700,2744,2662,2744,2702,36,-6,399192,1078647.26 ,315686,
BU,20171201,2744,2702,2748,2786,2734,2774,2754,72,52,361000,994359.48 ,337762,
BU,20171204,2774,2754,2784,2822,2760,2776,2784,22,30,413746,1152368.44 ,360486,
BU,20171205,2776,2784,2776,2822,2752,2766,2782,-18,-2,519208,1445015.45 ,370620,
BU,20171206,2766,2782,2762,2824,2752,2774,2782,-8,0,602006,1675764.06 ,399004,
BU,20171207,2774,2782,2764,2766,2614,2614,2682,-168,-100,729328,1957138.46 ,328682,
BU,20171208,2614,2682,2618,2660,2618,2640,2638,-42,-44,381824,1008011.74 ,314768,
BU,20171211,2640,2638,2656,2680,2596,2638,2638,0,0,462768,1220910.70 ,300042,
BU,20171212,2638,2638,2640,2662,2578,2608,2626,-30,-12,401254,1053808.84 ,329060,
BU,20171213,2608,2626,2612,2644,2576,2624,2614,-2,-12,387942,1014552.48 ,305190,
BU,20171214,2624,2614,2622,2648,2596,2616,2620,2,6,372276,975922.35 ,295804,
BU,20171215,2616,2620,2620,2628,2594,2622,2610,2,-10,283280,739424.68 ,313004,
BU,20171218,2622,2610,2622,2664,2614,2648,2642,38,32,367314,970962.28 ,307840,
BU,20171219,2648,2642,2646,2652,2624,2636,2636,-6,-6,227130,598776.36 ,300776,
BU,20171220,2636,2636,2642,2670,2632,2642,2654,6,18,324650,861727.02 ,296310,
BU,20171221,2642,2654,2644,2652,2566,2588,2604,-66,-50,459484,1197277.20 ,339244,
BU,20171222,2588,2604,2586,2604,2578,2588,2592,-16,-12,258062,669005.44 ,345034,
BU,20171225,2588,2592,2588,2600,2570,2596,2586,4,-6,293730,759637.93 ,346558,
BU,20171226,2596,2586,2594,2612,2582,2604,2600,18,14,266756,693799.41 ,345222,
BU,20171227,2604,2600,2600,2632,2586,2630,2612,30,12,448210,1170779.76 ,349422,
BU,20171228,2630,2612,2626,2640,2606,2624,2620,12,8,226584,593684.09 ,340394,
BU,20171229,2624,2620,2624,2634,2606,2622,2620,2,0,223302,585209.81 ,339106,
BU,20180102,2622,2620,2626,2686,2618,2682,2656,62,36,440670,0,383896,44790
BU,20180103,2682,2656,2678,2684,2660,2662,2670,6,14,233234,0,389628,5732
BU,20180104,2662,2670,2666,2702,2646,2696,2676,26,6,369982,0,403526,13898
BU,20180105,2696,2676,2694,2712,2660,2698,2686,22,10,457546,0,423280,19754
BU,20180108,2698,2686,2690,2712,2676,2690,2692,4,6,333732,0,434616,11336
BU,20180109,2690,2692,2690,2730,2688,2712,2712,20,20,324530,0,442126,7510
BU,20180110,2712,2712,2718,2762,2700,2758,2732,46,20,473946,0,461060,18934
BU,20180111,2758,2732,2768,2768,2740,2750,2750,18,18,212658,0,453842,-7218
BU,20180112,2750,2750,2758,2766,2738,2752,2752,2,2,269802,0,459436,5594
BU,20180115,2752,2752,2746,2814,2736,2808,2782,56,30,401540,0,506050,46614
BU,20180116,2808,2782,2806,2808,2762,2766,2784,-16,2,314638,0,458366,-47684
BU,20180117,2766,2784,2762,2790,2744,2766,2764,-18,-20,344972,0,454638,-3728
BU,20180118,2766,2764,2760,2786,2750,2764,2766,0,2,293892,0,457720,3082
BU,20180119,2764,2766,2766,2772,2724,2746,2742,-20,-24,471130,0,443232,-14488
BU,20180122,2746,2742,2752,2794,2734,2784,2766,42,24,352890,0,451564,8332
BU,20180123,2784,2766,2782,2798,2752,2770,2776,4,10,418600,0,429836,-21728
BU,20180124,2770,2776,2764,2866,2764,2862,2818,86,42,841058,0,554584,124748
BU,20180125,2862,2818,2864,2946,2852,2916,2900,98,82,676508,0,582606,28022
BU,20180126,2916,2900,2916,2934,2888,2914,2910,14,10,462044,0,599582,16976
BU,20180129,2914,2910,2912,2962,2908,2928,2936,18,26,402072,0,612880,13298
BU,20180130,2928,2936,2916,2926,2872,2894,2896,-42,-40,512788,0,571470,-41410
BU,20180131,2894,2896,2890,2902,2864,2898,2882,2,-14,410402,0,570572,-898
BU,20180201,2898,2882,2898,2914,2862,2876,2884,-6,2,529036,0,568992,-1580
BU,20180202,2876,2884,2884,2934,2874,2890,2900,6,16,516142,0,566498,-2494
BU,20180205,2890,2900,2878,2886,2830,2864,2854,-36,-46,608716,0,514632,-51866
BU,20180206,2864,2854,2862,2874,2796,2808,2824,-46,-30,553850,0,492848,-21784
BU,20180207,2808,2824,2806,2832,2804,2814,2816,-10,-8,273800,0,484854,-7994
BU,20180208,2814,2816,2800,2824,2762,2766,2784,-50,-32,434422,0,470102,-14752
BU,20180209,2766,2784,2766,2788,2740,2742,2760,-42,-24,327778,0,450106,-19996
BU,20180212,2742,2760,2740,2750,2700,2706,2722,-54,-38,354776,0,448028,-2078
BU,20180213,2706,2722,2708,2720,2678,2698,2698,-24,-24,263494,0,429990,-18038
BU,20180214,2698,2698,2696,2724,2652,2684,2692,-14,-6,306800,0,407970,-22020
BU,20180222,2684,2692,2702,2740,2700,2730,2726,38,34,214510,0,413674,5704
BU,20180223,2730,2726,2734,2786,2732,2778,2764,52,38,331180,0,428400,14726
BU,20180226,2778,2764,2776,2810,2766,2794,2790,30,26,316642,0,417402,-10998
BU,20180227,2794,2790,2790,2794,2772,2780,2780,-10,-10,229622,0,417674,272
BU,20180228,2780,2780,2780,2832,2776,2796,2804,16,24,531636,0,428044,10370
BU,20180301,2796,2804,2800,2814,2756,2780,2782,-24,-22,430736,0,427696,-348
BU,20180302,2780,2782,2768,2778,2748,2770,2766,-12,-16,329000,0,426388,-1308
BU,20180305,2770,2766,2766,2804,2716,2718,2760,-48,-6,624806,0,452994,26606
BU,20180306,2718,2760,2716,2738,2698,2728,2720,-32,-40,333572,0,436596,-16398
BU,20180307,2728,2720,2738,2748,2704,2710,2720,-10,0,362636,0,450554,13958
BU,20180308,2710,2720,2716,2726,2690,2708,2708,-12,-12,341408,0,443602,-6952
BU,20180309,2708,2708,2708,2736,2676,2696,2708,-12,0,473776,0,429480,-14122
BU,20180312,2696,2708,2706,2746,2700,2730,2724,22,16,396740,0,409222,-20258
BU,20180313,2730,2724,2724,2730,2660,2664,2696,-60,-28,554586,0,444952,35730
BU,20180314,2664,2696,2668,2688,2654,2674,2672,-22,-24,379370,0,435640,-9312
BU,20180315,2674,2672,2686,2696,2672,2686,2682,14,10,292290,0,426294,-9346
BU,20180316,2686,2682,2690,2726,2672,2716,2690,34,8,347432,0,407606,-18688
BU,20180319,2716,2690,2714,2766,2710,2760,2736,70,46,466756,0,406594,-1012
BU,20180320,2760,2736,2760,2788,2740,2780,2762,44,26,387620,0,412738,6144
BU,20180321,2780,2762,2788,2816,2774,2786,2790,24,28,491004,0,399514,-13224
BU,20180322,2786,2790,2792,2816,2776,2800,2796,10,6,398050,0,413502,13988
BU,20180323,2800,2796,2792,2824,2752,2784,2784,-12,-12,861046,0,385434,-28068
BU,20180326,2784,2784,2780,2892,2760,2844,2830,60,46,985028,0,374354,-11080
BU,20180327,2844,2830,2838,2860,2822,2842,2836,12,6,434794,0,367466,-6888
BU,20180328,2842,2836,2860,2860,2814,2832,2832,-4,-4,473558,0,371740,4274
BU,20180329,2832,2832,2836,2856,2808,2852,2832,20,0,489836,0,382114,10374
BU,20180330,2852,2832,2850,2896,2824,2886,2866,54,34,620556,0,408494,26380
BU,20180402,2886,2866,2882,2894,2832,2844,2856,-22,-10,448650,0,381910,-26584
BU,20180403,2844,2856,2840,2846,2784,2792,2806,-64,-50,578092,0,363618,-18292
BU,20180404,2792,2806,2796,2800,2772,2784,2786,-22,-20,325780,0,343362,-20256
BU,20180409,2784,2786,2778,2778,2728,2746,2744,-40,-42,238672,0,334656,-8706
BU,20180410,2746,2744,2756,2818,2748,2814,2788,70,44,429346,0,322452,-12204
BU,20180411,2814,2788,2826,2854,2808,2818,2830,30,42,411416,0,335568,13116
BU.SHF,2018/04/12,2818.0,2826.0,2854.0,2824.0,2842.0,389402.0,11042913160.0,None,12.0,0.424028268551,1.06458481192,2835.86452047,339172.0,3604.0,2830.0,2834.0,4.0,0.141342756184,2018/04/12,2018/04/12
BU.SHF,2018/04/13,2842.0,2830.0,2852.0,2806.0,2834.0,356952.0,10110646600.0,None,0.0,0.0,1.61857846587,2832.49473319,343136.0,3964.0,2834.0,2832.0,-2.0,-0.0705716302047,2018/04/13,2018/04/13
BU.SHF,2018/04/16,2834.0,2840.0,2872.0,2786.0,2790.0,404754.0,11427990360.0,None,-42.0,-1.48305084746,3.0345800988,2823.44099379,332424.0,-10712.0,2832.0,2822.0,-10.0,-0.353107344633,2018/04/16,2018/04/16
BU.SHF,2018/04/17,2790.0,2794.0,2838.0,2786.0,2824.0,294914.0,8294233360.0,None,2.0,0.0708717221828,1.86379928315,2812.42442203,322122.0,-10302.0,2822.0,2812.0,-10.0,-0.354358610914,2018/04/17,2018/04/17
BU.SHF,2018/04/18,2824.0,2810.0,2864.0,2798.0,2846.0,403846.0,11459188640.0,None,34.0,1.20910384068,2.33711048159,2837.51445848,337186.0,15064.0,2812.0,2836.0,24.0,0.853485064011,2018/04/18,2018/04/18
BU.SHF,2018/04/19,2846.0,2866.0,2880.0,2848.0,2862.0,367118.0,10498248400.0,None,26.0,0.916784203103,1.1243851019,2859.63869927,330084.0,-7102.0,2836.0,2858.0,22.0,0.775740479549,2018/04/19,2018/04/19
BU.SHF,2018/04/20,2862.0,2864.0,2902.0,2824.0,2832.0,530818.0,15201807160.0,None,-26.0,-0.909727081875,2.72536687631,2863.84545362,309836.0,-20248.0,2858.0,2862.0,4.0,0.139958012596,2018/04/20,2018/04/20
BU.SHF,2018/04/23,2832.0,2828.0,2842.0,2806.0,2828.0,287128.0,8108664960.0,None,-34.0,-1.18798043326,1.27118644068,2824.05929063,287432.0,-22404.0,2862.0,2824.0,-38.0,-1.32774283718,2018/04/23,2018/04/23
BU.SHF,2018/04/24,2828.0,2814.0,2846.0,2804.0,2830.0,365168.0,10332610960.0,None,6.0,0.212464589235,1.48514851485,2829.54994961,261846.0,-25586.0,2824.0,2828.0,4.0,0.14164305949,2018/04/24,2018/04/24
BU.SHF,2018/04/25,2830.0,2826.0,2840.0,2758.0,2766.0,506436.0,14125859560.0,None,-62.0,-2.19236209335,2.89752650177,2789.26844853,258308.0,-3538.0,2828.0,2788.0,-40.0,-1.414427157,2018/04/25,2018/04/25
BU.SHF,2018/04/26,2766.0,2774.0,2792.0,2766.0,2784.0,210350.0,5845966960.0,None,-4.0,-0.143472022956,0.939985538684,2779.16185405,228662.0,-29646.0,2788.0,2778.0,-10.0,-0.358680057389,2018/04/26,2018/04/26
BU.SHF,2018/04/27,2784.0,2790.0,2796.0,2778.0,2784.0,184660.0,5145446280.0,None,6.0,0.215982721382,0.646551724138,2786.44334453,199080.0,-29582.0,2778.0,2786.0,8.0,0.287976961843,2018/04/27,2018/04/27
BU.SHF,2018/05/02,2784.0,2792.0,2858.0,2754.0,2852.0,261140.0,7377946040.0,None,66.0,2.36898779612,3.73563218391,2825.28377116,173492.0,-25588.0,2786.0,2824.0,38.0,1.3639626705,2018/05/02,2018/05/02
BU.SHF,2018/05/03,2852.0,2984.0,2998.0,2972.0,2984.0,93748.0,2796016440.0,None,36.0,1.22116689281,0.911640953717,2982.48116226,209704.0,36212.0,2948.0,2982.0,34.0,1.15332428765,2018/05/03,2018/05/03
BU.SHF,2018/05/04,2984.0,2978.0,3014.0,2970.0,3004.0,183076.0,5483583200.0,None,22.0,0.737759892689,1.4745308311,2995.24962311,244266.0,34562.0,2982.0,2994.0,12.0,0.402414486922,2018/05/04,2018/05/04
BU.SHF,2018/05/07,3004.0,3008.0,3032.0,3004.0,3016.0,286850.0,8659780880.0,None,22.0,0.734802939212,0.932090545939,3018.92308872,276552.0,32286.0,2994.0,3018.0,24.0,0.801603206413,2018/05/07,2018/05/07
BU.SHF,2018/05/08,3016.0,3022.0,3048.0,3006.0,3012.0,212290.0,6407426280.0,None,-6.0,-0.198807157058,1.3925729443,3018.24215931,277012.0,460.0,3018.0,3018.0,0.0,0.0,2018/05/08,2018/05/08
BU.SHF,2018/05/09,3012.0,3008.0,3028.0,2984.0,3012.0,267470.0,8047631000.0,None,-6.0,-0.198807157058,1.46082337317,3008.79762216,292922.0,15910.0,3018.0,3008.0,-10.0,-0.331345261763,2018/05/09,2018/05/09
BU.SHF,2018/05/10,3012.0,3016.0,3036.0,3008.0,3030.0,302166.0,9136990360.0,None,22.0,0.731382978723,0.929614873838,3023.83139069,315600.0,22678.0,3008.0,3022.0,14.0,0.465425531915,2018/05/10,2018/05/10
BU.SHF,2018/05/11,3030.0,3028.0,3056.0,3004.0,3048.0,395414.0,11969880840.0,None,26.0,0.860357379219,1.71617161716,3027.17679192,334438.0,18838.0,3022.0,3026.0,4.0,0.132362673726,2018/05/11,2018/05/11
BU.SHF,2018/05/14,3048.0,3050.0,3068.0,3032.0,3036.0,245192.0,7464280240.0,None,10.0,0.330469266358,1.1811023622,3044.25929068,335190.0,752.0,3026.0,3044.0,18.0,0.594844679445,2018/05/14,2018/05/14
BU.SHF,2018/05/15,3036.0,3044.0,3066.0,3028.0,3040.0,312460.0,9505337640.0,None,-4.0,-0.131406044678,1.25164690382,3042.09743327,342768.0,7578.0,3044.0,3042.0,-2.0,-0.065703022339,2018/05/15,2018/05/15
BU.SHF,2018/05/16,3040.0,3050.0,3086.0,3026.0,3046.0,426150.0,13022726560.0,None,4.0,0.131492439185,1.97368421053,3055.90204388,344068.0,1300.0,3042.0,3054.0,12.0,0.394477317554,2018/05/16,2018/05/16
BU.SHF,2018/05/17,3046.0,3040.0,3072.0,3032.0,3054.0,272824.0,8322233480.0,None,0.0,0.0,1.31319763624,3050.40373281,342492.0,-1576.0,3054.0,3050.0,-4.0,-0.130975769483,2018/05/17,2018/05/17
BU.SHF,2018/05/18,3054.0,3064.0,3232.0,3058.0,3232.0,806698.0,25497667720.0,None,182.0,5.96721311475,5.6974459725,3160.74512643,450718.0,108226.0,3050.0,3160.0,110.0,3.60655737705,2018/05/18,2018/05/18
BU.SHF,2018/05/21,3232.0,3256.0,3336.0,3222.0,3274.0,984094.0,32176567720.0,None,114.0,3.60759493671,3.52722772277,3269.66404835,443658.0,-7060.0,3160.0,3268.0,108.0,3.41772151899,2018/05/21,2018/05/21
BU.SHF,2018/05/22,3274.0,3268.0,3310.0,3252.0,3270.0,647088.0,21241812760.0,None,2.0,0.0611995104039,1.77153329261,3282.67758945,467216.0,23558.0,3268.0,3282.0,14.0,0.428396572827,2018/05/22,2018/05/22
BU.SHF,2018/05/23,3270.0,3272.0,3292.0,3180.0,3212.0,804902.0,26063691600.0,None,-70.0,-2.13284582572,3.4250764526,3238.11987049,428490.0,-38726.0,3282.0,3238.0,-44.0,-1.34064594759,2018/05/23,2018/05/23
BU.SHF,2018/05/24,3212.0,3210.0,3218.0,3170.0,3206.0,410628.0,13136519040.0,None,-32.0,-0.988264360716,1.49439601494,3199.12890499,430022.0,1532.0,3238.0,3198.0,-40.0,-1.2353304509,2018/05/24,2018/05/24
BU.SHF,2018/05/25,3206.0,3190.0,3226.0,3174.0,3190.0,480454.0,15361671440.0,None,-8.0,-0.250156347717,1.6219588272,3197.32408097,434916.0,4894.0,3198.0,3196.0,-2.0,-0.0625390869293,2018/05/25,2018/05/25
BU.SHF,2018/05/28,3190.0,3150.0,3154.0,3090.0,3120.0,665996.0,20803218000.0,None,-76.0,-2.37797246558,2.00626959248,3123.62506682,400100.0,-34816.0,3196.0,3122.0,-74.0,-2.3153942428,2018/05/28,2018/05/28
BU.SHF,2018/05/29,3120.0,3116.0,3148.0,3106.0,3128.0,280950.0,8796051640.0,None,6.0,0.192184497117,1.34615384615,3130.82457377,391004.0,-9096.0,3122.0,3130.0,8.0,0.256245996156,2018/05/29,2018/05/29
BU.SHF,2018/05/30,3128.0,3138.0,3160.0,3068.0,3116.0,483696.0,15029839240.0,None,-14.0,-0.447284345048,2.94117647059,3107.29037247,362226.0,-28778.0,3130.0,3106.0,-24.0,-0.766773162939,2018/05/30,2018/05/30
BU.SHF,2018/05/31,3116.0,3128.0,3182.0,3112.0,3142.0,436074.0,13725888920.0,None,36.0,1.1590470058,2.24646983312,3147.60543394,351730.0,-10496.0,3106.0,3146.0,40.0,1.28783000644,2018/05/31,2018/05/31
BU.SHF,2018/06/01,3142.0,3130.0,3166.0,3128.0,3160.0,294594.0,9275276600.0,None,14.0,0.445009535919,1.20942075111,3148.49474192,349138.0,-2592.0,3146.0,3148.0,2.0,0.0635727908455,2018/06/01,2018/06/01
BU.SHF,2018/06/04,3160.0,3152.0,3210.0,3122.0,3192.0,587464.0,18624687920.0,None,44.0,1.39771283355,2.78481012658,3170.35391445,393014.0,43876.0,3148.0,3170.0,22.0,0.698856416773,2018/06/04,2018/06/04
BU.SHF,2018/06/05,3192.0,3186.0,3218.0,3132.0,3174.0,564294.0,17947534560.0,None,4.0,0.1261829653,2.69423558897,3180.52904337,390968.0,-2046.0,3170.0,3180.0,10.0,0.315457413249,2018/06/05,2018/06/05
BU.SHF,2018/06/06,3174.0,3164.0,3242.0,3140.0,3230.0,650634.0,20835515880.0,None,50.0,1.57232704403,3.21361058601,3202.34046791,421006.0,30038.0,3180.0,3202.0,22.0,0.691823899371,2018/06/06,2018/06/06
BU.SHF,2018/06/07,3230.0,3222.0,3274.0,3212.0,3266.0,554886.0,17989338240.0,None,64.0,1.99875078076,1.91950464396,3241.98812729,440524.0,19518.0,3202.0,3240.0,38.0,1.18675827608,2018/06/07,2018/06/07
BU.SHF,2018/06/08,3266.0,3272.0,3288.0,3186.0,3192.0,585118.0,18959273120.0,None,-48.0,-1.48148148148,3.12308634415,3240.24779959,367874.0,-72650.0,3240.0,3240.0,0.0,0.0,2018/06/08,2018/06/08
BU.SHF,2018/06/11,3192.0,3192.0,3214.0,3174.0,3194.0,298572.0,9548260800.0,None,-46.0,-1.41975308642,1.25313283208,3197.9759656,362742.0,-5132.0,3240.0,3196.0,-44.0,-1.35802469136,2018/06/11,2018/06/11
BU.SHF,2018/06/12,3194.0,3186.0,3240.0,3184.0,3238.0,344306.0,11088621520.0,None,42.0,1.31414267835,1.7532874139,3220.57167752,381708.0,18966.0,3196.0,3220.0,24.0,0.750938673342,2018/06/12,2018/06/12
BU.SHF,2018/06/13,3238.0,3230.0,3234.0,3146.0,3148.0,482500.0,15383655360.0,None,-72.0,-2.23602484472,2.71772699197,3188.3223544,366028.0,-15680.0,3220.0,3188.0,-32.0,-0.993788819876,2018/06/13,2018/06/13
BU.SHF,2018/06/14,3148.0,3154.0,3184.0,3138.0,3152.0,334832.0,10582667480.0,None,-36.0,-1.12923462986,1.46124523507,3160.59023032,367786.0,1758.0,3188.0,3160.0,-28.0,-0.878293601004,2018/06/14,2018/06/14
BU.SHF,2018/06/15,3152.0,3160.0,3176.0,3110.0,3164.0,344764.0,10858454840.0,None,4.0,0.126582278481,2.09390862944,3149.53267743,356268.0,-11518.0,3160.0,3148.0,-12.0,-0.379746835443,2018/06/15,2018/06/15
BU.SHF,2018/06/19,3164.0,3140.0,3170.0,3060.0,3062.0,372070.0,11567482560.0,None,-86.0,-2.73189326557,3.47661188369,3108.95330449,347450.0,-8818.0,3148.0,3108.0,-40.0,-1.2706480305,2018/06/19,2018/06/19
BU.SHF,2018/06/20,3062.0,3060.0,3108.0,3050.0,3086.0,286298.0,8819163200.0,None,-22.0,-0.707850707851,1.89418680601,3080.41383454,340904.0,-6546.0,3108.0,3080.0,-28.0,-0.900900900901,2018/06/20,2018/06/20
BU.SHF,2018/06/21,3086.0,3090.0,3100.0,3062.0,3066.0,253002.0,7801618600.0,None,-14.0,-0.454545454545,1.23136746598,3083.61933898,346460.0,5556.0,3080.0,3082.0,2.0,0.0649350649351,2018/06/21,2018/06/21
BU.SHF,2018/06/22,3066.0,3090.0,3100.0,3062.0,3066.0,253002.0,7801618600.0,None,-14.0,-0.454545454545,1.23136746598,3083.61933898,346460.0,5556.0,3080.0,3082.0,2.0,0.0649350649351,2018/06/21,2018/06/22
