CY.CZC,2017/8/18,None,22995,23330,22900,23050,78284,9048583000,None,50,0.217391304,None,23117.3241,7634,None,23000,23115,115,0.5,2017/8/18,2017/8/18
CY.CZC,2017/8/21,23050,23005,23080,22910,22985,25088,2886650800,None,-130,-0.562405364,0.737527115,23012.20344,8476,842,23115,23010,-105,-0.454250487,2017/8/21,2017/8/21
CY.CZC,2017/8/22,22985,23005,23095,22985,23080,13782,1588062800,None,70,0.304215558,0.478572982,23045.4622,7516,-960,23010,23045,35,0.152107779,2017/8/22,2017/8/22
CY.CZC,2017/8/23,23080,23080,23155,23045,23070,9078,1048137000,None,25,0.108483402,0.47660312,23091.80436,6958,-558,23045,23090,45,0.195270124,2017/8/23,2017/8/23
CY.CZC,2017/8/24,23070,23070,23120,23010,23050,4510,520075600,None,-40,-0.173235167,0.47680971,23063.21951,6420,-538,23090,23065,-25,-0.108271979,2017/8/24,2017/8/24
CY.CZC,2017/8/25,23050,23040,23095,23030,23050,3012,347255000,None,-15,-0.065033601,0.281995662,23058.10093,5830,-590,23065,23060,-5,-0.021677867,2017/8/25,2017/8/25
CY.CZC,2017/8/28,23050,23055,23100,23000,23075,3914,451322100,None,15,0.065047702,0.433839479,23061.93664,5684,-146,23060,23060,0,0,2017/8/28,2017/8/28
CY.CZC,2017/8/29,23075,23100,23135,23035,23050,2572,296838600,None,-10,-0.043365134,0.433369447,23082.31726,5352,-332,23060,23080,20,0.086730269,2017/8/29,2017/8/29
CY.CZC,2017/8/30,23050,23025,23085,23005,23020,1842,212207900,None,-60,-0.259965338,0.347071584,23041.03149,5314,-38,23080,23040,-40,-0.173310225,2017/8/30,2017/8/30
CY.CZC,2017/8/31,23020,23030,23080,23020,23025,1784,205593300,None,-15,-0.065104167,0.260642919,23048.57623,4908,-406,23040,23050,10,0.043402778,2017/8/31,2017/8/31
CY.CZC,2017/9/1,23025,23020,23095,23020,23030,2186,252015800,None,-20,-0.086767896,0.325732899,23057.25526,4792,-116,23050,23055,5,0.021691974,2017/9/1,2017/9/1
CY.CZC,2017/9/4,23030,23055,23650,23040,23400,14420,1685393100,None,345,1.496421601,2.648719062,23375.77115,6228,1436,23055,23375,320,1.387985253,2017/9/4,2017/9/4
CY.CZC,2017/9/5,23400,23425,23575,23300,23495,5994,701107500,None,120,0.513368984,1.175213675,23393.64364,5966,-262,23375,23395,20,0.085561497,2017/9/5,2017/9/5
CY.CZC,2017/9/6,23495,23535,23585,23330,23345,6078,712126100,None,-50,-0.213720881,1.085337306,23432.90885,5762,-204,23395,23435,40,0.170976704,2017/9/6,2017/9/6
CY.CZC,2017/9/7,23345,23365,23410,23215,23295,4074,474907500,None,-140,-0.597397056,0.835296637,23314.0648,5270,-492,23435,23315,-120,-0.512054619,2017/9/7,2017/9/7
CY.CZC,2017/9/8,23295,23325,23340,23020,23080,5524,639309100,None,-235,-1.007934806,1.37368534,23146.60029,4380,-890,23315,23145,-170,-0.729144328,2017/9/8,2017/9/8
CY.CZC,2017/9/11,23080,23105,24075,22530,23210,15894,1847527100,None,65,0.280838194,6.694107452,23248.10746,4024,-356,23145,23250,105,0.453661698,2017/9/11,2017/9/11
CY.CZC,2017/9/12,23210,23165,23290,23130,23225,2178,252994800,None,-25,-0.107526882,0.689358035,23231.84573,3876,-148,23250,23230,-20,-0.086021505,2017/9/12,2017/9/12
CY.CZC,2017/9/13,23225,23190,23285,23050,23155,3018,349719500,None,-75,-0.322858373,1.011840689,23175.57985,3580,-296,23230,23175,-55,-0.236762807,2017/9/13,2017/9/13
CY.CZC,2017/9/14,23155,23125,23210,23080,23085,1432,165633300,None,-90,-0.388349515,0.561433816,23133.14246,3482,-98,23175,23135,-40,-0.172599784,2017/9/14,2017/9/14
CY.CZC,2017/9/15,23085,23075,23120,23020,23050,1498,172797200,None,-85,-0.367408688,0.43318172,23070.38718,3390,-92,23135,23070,-65,-0.280959585,2017/9/15,2017/9/15
CY.CZC,2017/9/18,23050,23030,23095,22880,23080,1904,219393000,None,10,0.043346337,0.932754881,23045.48319,3038,-352,23070,23045,-25,-0.108365843,2017/9/18,2017/9/18
CY.CZC,2017/9/19,23080,23160,23200,23035,23095,1962,226619500,None,50,0.216966804,0.714904679,23100.86646,2674,-364,23045,23100,55,0.238663484,2017/9/19,2017/9/19
CY.CZC,2017/9/20,23095,23085,23390,23070,23385,3342,388684500,None,285,1.233766234,1.385581295,23260.59246,2334,-340,23100,23260,160,0.692640693,2017/9/20,2017/9/20
CY.CZC,2017/9/21,23385,23390,23390,23210,23210,1426,166069000,None,-50,-0.214961307,0.769724182,23291.58485,2034,-300,23260,23290,30,0.128976784,2017/9/21,2017/9/21
CY.CZC,2017/9/22,23210,23235,23280,23125,23155,1880,218055400,None,-135,-0.579647918,0.667815597,23197.38298,1952,-82,23290,23195,-95,-0.407900386,2017/9/22,2017/9/22
CY.CZC,2017/9/25,23155,23145,23245,23135,23235,974,112994300,None,40,0.172450959,0.475059382,23202.11499,1880,-72,23195,23200,5,0.02155637,2017/9/25,2017/9/25
CY.CZC,2017/9/26,23235,23255,23370,23205,23320,1508,175639000,None,120,0.517241379,0.710135571,23294.29708,1952,72,23200,23295,95,0.409482759,2017/9/26,2017/9/26
CY.CZC,2017/9/27,23320,23300,23310,23085,23105,1778,205937400,None,-190,-0.815625671,0.96483705,23165.06187,1910,-42,23295,23165,-130,-0.558059669,2017/9/27,2017/9/27
CY.CZC,2017/9/28,23105,23080,23145,22860,22900,1928,221866200,None,-265,-1.143967192,1.233499243,23015.16598,2080,170,23165,23015,-150,-0.647528599,2017/9/28,2017/9/28
CY.CZC,2017/9/29,22900,22845,23010,22845,22920,1072,123035600,None,-95,-0.412774278,0.720524017,22954.40299,1848,-232,23015,22955,-60,-0.260699544,2017/9/29,2017/9/29
CY.CZC,2017/10/9,22920,23055,23055,22860,22960,582,66693100,None,5,0.021781747,0.85078534,22918.59107,1820,-28,22955,22920,-35,-0.152472228,2017/10/9,2017/10/9
CY.CZC,2017/10/10,22960,22980,22995,22920,22935,658,75505400,None,15,0.065445026,0.326655052,22949.9696,1796,-24,22920,22950,30,0.130890052,2017/10/10,2017/10/10
CY.CZC,2017/10/11,22935,22995,23000,22900,22910,604,69289300,None,-40,-0.174291939,0.436014825,22943.47682,1732,-64,22950,22945,-5,-0.021786492,2017/10/11,2017/10/11
CY.CZC,2017/10/12,22910,22900,22965,22860,22925,1104,126495800,None,-20,-0.08716496,0.458315146,22915.9058,1736,4,22945,22915,-30,-0.13074744,2017/10/12,2017/10/12
CY.CZC,2017/10/13,22925,22940,23010,22910,22940,826,94787100,None,25,0.109098844,0.436205016,22950.87167,1650,-86,22915,22950,35,0.152738381,2017/10/13,2017/10/13
CY.CZC,2017/10/16,22940,23000,23110,22925,23060,980,112913300,None,110,0.479302832,0.806451613,23043.53061,1596,-54,22950,23045,95,0.413943355,2017/10/16,2017/10/16
CY.CZC,2017/10/17,23060,23005,23070,22990,23000,404,46509400,None,-45,-0.195270124,0.346921075,23024.45545,1540,-56,23045,23025,-20,-0.086786722,2017/10/17,2017/10/17
CY.CZC,2017/10/18,23000,22990,23080,22990,23015,332,38253300,None,-10,-0.043431053,0.391304348,23044.15663,1518,-22,23025,23045,20,0.086862106,2017/10/18,2017/10/18
CY.CZC,2017/10/19,23015,23035,23035,22840,22945,532,61060100,None,-100,-0.433933608,0.847273517,22954.92481,1564,46,23045,22955,-90,-0.390540247,2017/10/19,2017/10/19
CY.CZC,2017/10/20,22945,22905,22930,22805,22865,854,97586000,None,-90,-0.392071444,0.544780998,22853.86417,1590,26,22955,22855,-100,-0.435634938,2017/10/20,2017/10/20
CY.CZC,2017/10/23,22865,22845,22920,22775,22870,654,74736400,None,15,0.065631153,0.634157009,22855.1682,1596,6,22855,22855,0,0,2017/10/23,2017/10/23
CY.CZC,2017/10/24,22870,22895,22975,22895,22895,504,57777900,None,40,0.175016408,0.349803236,22927.7381,1566,-30,22855,22930,75,0.328155765,2017/10/24,2017/10/24
CY.CZC,2017/10/25,22895,22920,22950,22900,22950,254,29119700,None,20,0.08722198,0.218388294,22928.89764,1508,-58,22930,22930,0,0,2017/10/25,2017/10/25
CY.CZC,2017/10/26,22950,22930,22990,22900,22930,200,22937600,None,0,0,0.392156863,22937.6,1474,-34,22930,22940,10,0.04361099,2017/10/26,2017/10/26
CY.CZC,2017/10/27,22930,22940,22940,22840,22855,228,26061400,None,-85,-0.370531822,0.4361099,22860.87719,1490,16,22940,22860,-80,-0.348735833,2017/10/27,2017/10/27
CY.CZC,2017/10/30,22855,22885,22980,22825,22885,262,30009200,None,25,0.10936133,0.67818858,22907.78626,1420,-70,22860,22910,50,0.21872266,2017/10/30,2017/10/30
CY.CZC,2017/10/31,22885,22915,22950,22860,22950,274,31354400,None,40,0.174596246,0.393270701,22886.42336,1400,-20,22910,22885,-25,-0.109122654,2017/10/31,2017/10/31
CY.CZC,2017/11/1,22950,22995,23045,22880,22975,426,48953600,None,90,0.393270701,0.718954248,22982.9108,1348,-52,22885,22985,100,0.436967446,2017/11/1,2017/11/1
CY.CZC,2017/11/2,22975,22900,23030,22890,23015,302,34704900,None,30,0.130519904,0.609357998,22983.37748,1308,-40,22985,22985,0,0,2017/11/2,2017/11/2
CY.CZC,2017/11/3,23015,23040,23080,22970,23060,450,51832100,None,75,0.326299761,0.477949164,23036.48889,1194,-114,22985,23035,50,0.217533174,2017/11/3,2017/11/3
CY.CZC,2017/11/6,23060,23070,23100,23025,23095,322,37128400,None,60,0.260473193,0.325238508,23061.11801,1184,-10,23035,23060,25,0.108530497,2017/11/6,2017/11/6
CY.CZC,2017/11/7,23095,23060,23160,23045,23120,430,49635300,None,60,0.260190807,0.497943278,23086.18605,1104,-80,23060,23085,25,0.108412836,2017/11/7,2017/11/7
CY.CZC,2017/11/8,23120,23165,23165,23040,23060,262,30233300,None,-25,-0.10829543,0.540657439,23078.85496,1066,-38,23085,23080,-5,-0.021659086,2017/11/8,2017/11/8
CY.CZC,2017/11/9,23060,23075,23080,23005,23055,136,15668400,None,-25,-0.108318891,0.325238508,23041.76471,1050,-16,23080,23040,-40,-0.173310225,2017/11/9,2017/11/9
CY.CZC,2017/11/10,23055,23080,23095,23035,23055,86,9916200,None,15,0.065104167,0.260247235,23060.93023,1028,-22,23040,23060,20,0.086805556,2017/11/10,2017/11/10
CY.CZC,2017/11/13,23055,23015,23270,22905,23140,290,33532200,None,80,0.346921075,1.583170679,23125.65517,1018,-10,23060,23125,65,0.281873374,2017/11/13,2017/11/13
CY.CZC,2017/11/14,23140,23160,23160,23075,23100,192,22192700,None,-25,-0.108108108,0.3673293,23117.39583,946,-72,23125,23115,-10,-0.043243243,2017/11/14,2017/11/14
CY.CZC,2017/11/15,23100,23050,23080,22970,23000,194,22334600,None,-115,-0.497512438,0.476190476,23025.36082,878,-68,23115,23025,-90,-0.38935756,2017/11/15,2017/11/15
CY.CZC,2017/11/16,23000,23040,23060,22965,23040,160,18421200,None,15,0.06514658,0.413043478,23026.5,842,-36,23025,23025,0,0,2017/11/16,2017/11/16
CY.CZC,2017/11/17,23040,23030,23050,23005,23005,90,10358900,None,-20,-0.086862106,0.1953125,23019.77778,822,-20,23025,23020,-5,-0.021715527,2017/11/17,2017/11/17
CY.CZC,2017/11/20,23005,23005,23035,22925,22965,154,17685900,None,-55,-0.238922676,0.478156922,22968.7013,816,-6,23020,22970,-50,-0.217202433,2017/11/20,2017/11/20
CY.CZC,2017/11/21,22965,22905,22965,22905,22905,136,15590200,None,-65,-0.282977797,0.261267146,22926.76471,762,-54,22970,22925,-45,-0.195907706,2017/11/21,2017/11/21
CY.CZC,2017/11/22,22905,22890,22980,22880,22880,130,14892500,None,-45,-0.196292257,0.436585898,22911.53846,770,8,22925,22910,-15,-0.065430752,2017/11/22,2017/11/22
CY.CZC,2017/11/23,22880,22900,23000,22880,22915,216,24778300,None,5,0.021824531,0.524475524,22942.87037,728,-42,22910,22945,35,0.152771715,2017/11/23,2017/11/23
CY.CZC,2017/11/24,22915,22915,22985,22840,22930,76,8708000,None,-15,-0.06537372,0.632773293,22915.78947,706,-22,22945,22915,-30,-0.13074744,2017/11/24,2017/11/24
CY.CZC,2017/11/27,22930,22910,23015,22910,22980,104,11941900,None,65,0.283656993,0.457915395,22965.19231,674,-32,22915,22965,50,0.218197687,2017/11/27,2017/11/27
CY.CZC,2017/11/28,22980,23025,23185,22920,23175,520,60087300,None,210,0.91443501,1.153176675,23110.5,560,-114,22965,23110,145,0.631395602,2017/11/28,2017/11/28
CY.CZC,2017/11/29,23175,23210,23240,23085,23100,226,26188600,None,-10,-0.043271311,0.668824164,23175.75221,474,-86,23110,23175,65,0.281263522,2017/11/29,2017/11/29
CY.CZC,2017/11/30,23100,23100,23255,23100,23215,166,19247700,None,40,0.172599784,0.670995671,23190,474,0,23175,23190,15,0.064724919,2017/11/30,2017/11/30
CY.CZC,2017/12/1,23215,23005,24660,23005,23575,682,80299900,None,-235,-0.98698026,7.129011415,23548.35777,70,-404,23810,23550,-260,-1.09197816,2017/12/1,2017/12/1
CY.CZC,2017/12/4,23575,23445,23750,23390,23715,84,9926200,None,165,0.700636943,1.527041357,23633.80952,74,4,23550,23635,85,0.360934183,2017/12/4,2017/12/4
CY.CZC,2017/12/5,23715,23710,23710,23435,23570,106,12479900,None,-65,-0.275015866,1.159603626,23546.98113,84,10,23635,23545,-90,-0.380791199,2017/12/5,2017/12/5
CY.CZC,2017/12/6,23570,23680,23680,23410,23530,22,2590900,None,-15,-0.063707794,1.145523971,23553.63636,84,0,23545,23555,10,0.042471862,2017/12/6,2017/12/6
CY.CZC,2017/12/7,23530,23485,23500,23485,23485,18,2114400,None,-70,-0.29717682,0.063748406,23493.33333,80,-4,23555,23495,-60,-0.254722989,2017/12/7,2017/12/7
CY.CZC,2017/12/8,23485,23350,23520,23350,23470,44,5160600,None,-25,-0.106405618,0.723866298,23457.27273,68,-12,23495,23455,-40,-0.170248989,2017/12/8,2017/12/8
CY.CZC,2017/12/11,23470,23450,23450,23450,23450,4,469000,None,-5,-0.021317416,0,23450,68,0,23455,23450,-5,-0.021317416,2017/12/11,2017/12/11
CY.CZC,2017/12/12,23450,23450,23450,23450,23450,0,0,None,-23450,0,0,23450,68,0,23450,23450,0,0,2017/12/11,2017/12/12
CY.CZC,2017/12/13,23450,23495,23500,23495,23500,10,1175000,None,50,0.213219616,0.021321962,23500,68,0,23450,23500,50,0.213219616,2017/12/13,2017/12/13
CY.CZC,2017/12/14,23500,23120,23480,23120,23480,10,1166400,None,-20,-0.085106383,1.531914894,23328,72,4,23500,23330,-170,-0.723404255,2017/12/14,2017/12/14
CY.CZC,2017/12/15,23480,23120,23480,23120,23480,0,0,None,-23330,0,1.531914894,23328,72,0,23330,23330,0,0,2017/12/14,2017/12/15
CY.CZC,2017/12/18,23480,23355,23450,23355,23450,4,468100,None,120,0.514359194,0.407201029,23405,70,-2,23330,23405,75,0.321474496,2017/12/18,2017/12/18
CY.CZC,2017/12/19,23450,23355,23450,23355,23450,0,0,None,-23405,0,0.407201029,23405,70,0,23405,23405,0,0,2017/12/18,2017/12/19
CY.CZC,2017/12/20,23450,23355,23450,23355,23450,0,0,None,-23405,0,0.407201029,23405,70,0,23405,23405,0,0,2017/12/18,2017/12/20
CY.CZC,2017/12/21,23450,23355,23450,23355,23450,0,0,None,-23405,0,0.407201029,23405,70,0,23405,23405,0,0,2017/12/18,2017/12/21
CY.CZC,2017/12/22,23450,23235,23235,23230,23230,4,464700,None,-175,-0.747703482,0.021362957,23235,68,-2,23405,23235,-170,-0.726340526,2017/12/22,2017/12/22
CY.CZC,2017/12/25,23230,23235,23235,23230,23230,0,0,None,-23235,0,0.021362957,23235,68,0,23235,23235,0,0,2017/12/22,2017/12/25
CY.CZC,2017/12/26,23230,22995,22995,22995,22995,4,459900,None,-240,-1.032924467,0,22995,68,0,23235,22995,-240,-1.032924467,2017/12/26,2017/12/26
CY.CZC,2017/12/27,22995,22995,22995,22995,22995,0,0,None,-22995,0.021743857,0,22995,68,0,22995,23000,5,0.021743857,2017/12/26,2017/12/27
CY.CZC,2017/12/28,22995,23235,23235,23235,23235,2,232400,None,235,1.02173913,0,23240,66,-2,23000,23235,235,1.02173913,2017/12/28,2017/12/28
CY.CZC,2017/12/29,23235,23235,23235,23235,23235,6,697100,None,0,0,0,23236.66667,60,-6,23235,23235,0,0,2017/12/29,2017/12/29
CY.CZC,2018/1/2,23235,23235,23235,23235,23235,0,0,None,-23235,0,0,23236.66667,60,0,23235,23235,0,0,2017/12/29,2018/1/2
CY.CZC,2018/1/3,23235,23305,23305,23305,23305,4,466100,None,70,0.301269636,0,23305,60,0,23235,23305,70,0.301269636,2018/1/3,2018/1/3
CY.CZC,2018/1/4,23305,23305,23305,23305,23305,0,0,None,-23305,0,0,23305,60,0,23305,23305,0,0,2018/1/3,2018/1/4
CY.CZC,2018/1/5,23305,23305,23305,23305,23305,0,0,None,-23305,0,0,23305,60,0,23305,23305,0,0,2018/1/3,2018/1/5
CY.CZC,2018/1/8,23305,23305,23305,23305,23305,0,0,None,-23305,0,0,23305,60,0,23305,23305,0,0,2018/1/3,2018/1/8
CY.CZC,2018/1/9,23305,23125,23480,23125,23450,18,2109000,None,145,0.622184081,1.523278266,23433.33333,60,0,23305,23435,130,0.55782021,2018/1/9,2018/1/9
CY.CZC,2018/1/10,23450,23220,23220,23220,23220,4,464400,None,-215,-0.917431193,0,23220,58,-2,23435,23220,-215,-0.917431193,2018/1/10,2018/1/10
CY.CZC,2018/1/11,23220,23220,23220,23220,23220,0,0,None,-23220,0,0,23220,58,0,23220,23220,0,0,2018/1/10,2018/1/11
CY.CZC,2018/1/12,23220,23125,23495,23095,23495,12,1391000,None,275,1.184323859,1.722652885,23183.33333,52,-6,23220,23185,-35,-0.150732127,2018/1/12,2018/1/12
CY.CZC,2018/1/15,23495,23125,23495,23095,23495,0,0,None,-23185,0,1.722652885,23183.33333,52,0,23185,23185,0,0,2018/1/12,2018/1/15
CY.CZC,2018/1/16,23495,23125,23495,23095,23495,0,0,None,-23185,0,1.722652885,23183.33333,52,0,23185,23185,0,0,2018/1/12,2018/1/16
CY.CZC,2018/1/17,23495,23015,23015,22900,23015,32,3678000,None,-170,-0.733232694,0.496010352,22987.5,32,-20,23185,22985,-200,-0.862626698,2018/1/17,2018/1/17
CY.CZC,2018/1/18,23015,23015,23015,22900,23015,0,0,None,-22985,0,0.496010352,22987.5,32,0,22985,22985,0,0,2018/1/17,2018/1/18
CY.CZC,2018/1/19,23015,23015,23015,22900,23015,0,0,None,-22985,0,0.496010352,22987.5,32,0,22985,22985,0,0,2018/1/17,2018/1/19
CY.CZC,2018/1/22,23015,23015,23015,22900,23015,0,0,None,-22985,0,0.496010352,22987.5,32,0,22985,22985,0,0,2018/1/17,2018/1/22
CY.CZC,2018/1/23,23015,23015,23015,22900,23015,0,0,None,-22985,0,0.496010352,22987.5,32,0,22985,22985,0,0,2018/1/17,2018/1/23
CY.CZC,2018/1/24,23015,23000,23000,23000,23000,2,230000,None,15,0.065259952,0,23000,34,2,22985,23000,15,0.065259952,2018/1/24,2018/1/24
CY.CZC,2018/1/25,23000,23000,23000,23000,23000,0,0,None,-23000,0.369565217,0,23000,34,0,23000,23085,85,0.369565217,2018/1/24,2018/1/25
CY.CZC,2018/1/26,23000,23250,23250,23250,23250,2,232500,None,165,0.714749838,0,23250,34,0,23085,23250,165,0.714749838,2018/1/26,2018/1/26
CY.CZC,2018/1/29,23250,23250,23250,23250,23250,0,0,None,-23250,0,0,23250,34,0,23250,23250,0,0,2018/1/26,2018/1/29
CY.CZC,2018/1/30,23250,23005,23235,22915,23235,12,1380500,None,-15,-0.064516129,1.376344086,23008.33333,32,-2,23250,23010,-240,-1.032258065,2018/1/30,2018/1/30
CY.CZC,2018/1/31,23235,22265,22955,22265,22955,6,681200,None,-55,-0.23902651,2.969657844,22706.66667,34,2,23010,22705,-305,-1.325510648,2018/1/31,2018/1/31
CY.CZC,2018/2/1,22955,23120,23120,23120,23120,2,231200,None,415,1.827791235,0,23120,34,0,22705,23120,415,1.827791235,2018/2/1,2018/2/1
CY.CZC,2018/2/2,23120,22995,22995,22995,22995,2,230000,None,-125,-0.540657439,0,23000,32,-2,23120,22995,-125,-0.540657439,2018/2/2,2018/2/2
CY.CZC,2018/2/5,22995,22995,22995,22995,22995,0,0,None,-22995,0,0,23000,32,0,22995,22995,0,0,2018/2/2,2018/2/5
CY.CZC,2018/2/6,22995,22995,22995,22995,22995,0,0,None,-22995,0,0,23000,32,0,22995,22995,0,0,2018/2/2,2018/2/6
CY.CZC,2018/2/7,22995,22995,22995,22995,22995,0,0,None,-22995,0,0,23000,32,0,22995,22995,0,0,2018/2/2,2018/2/7
CY.CZC,2018/2/8,22995,22995,22995,22995,22995,0,0,None,-22995,0,0,23000,32,0,22995,22995,0,0,2018/2/2,2018/2/8
CY.CZC,2018/2/9,22995,22995,22995,22995,22995,0,0,None,-22995,0,0,23000,32,0,22995,22995,0,0,2018/2/2,2018/2/9
CY.CZC,2018/2/12,22995,22995,22995,22995,22995,0,0,None,-22995,0.021743857,0,23000,32,0,22995,23000,5,0.021743857,2018/2/2,2018/2/12
CY.CZC,2018/2/13,22995,22995,22995,22995,22995,0,0,None,-23000,0,0,23000,32,0,23000,23000,0,0,2018/2/2,2018/2/13
CY.CZC,2018/2/14,22995,23120,23120,23045,23045,4,461700,None,45,0.195652174,0.326086957,23085,30,-2,23000,23085,85,0.369565217,2018/2/14,2018/2/14
CY.CZC,2018/2/22,23045,23120,23120,23045,23045,0,0,None,-23085,0,0.326086957,23085,30,0,23085,23085,0,0,2018/2/14,2018/2/22
CY.CZC,2018/2/23,23045,23120,23120,23045,23045,0,0,None,-23085,0,0.326086957,23085,30,0,23085,23085,0,0,2018/2/14,2018/2/23
CY.CZC,2018/2/26,23045,23215,23220,23200,23200,12,1392900,None,115,0.498158978,0.086636344,23215,20,-10,23085,23215,130,0.563136236,2018/2/26,2018/2/26
CY.CZC,2018/2/27,23200,23215,23220,23200,23200,0,0,None,-23215,0,0.086636344,23215,20,0,23215,23215,0,0,2018/2/26,2018/2/27
CY.CZC,2018/2/28,23200,23215,23220,23200,23200,0,0,None,-23215,0,0.086636344,23215,20,0,23215,23215,0,0,2018/2/26,2018/2/28
CY.CZC,2018/3/1,23200,23215,23220,23200,23200,0,0,None,-23215,0,0.086636344,23215,20,0,23215,23215,0,0,2018/2/26,2018/3/1
CY.CZC,2018/3/2,23200,23305,24145,23075,23095,52,6096500,None,-120,-0.516907172,4.609088951,23448.07692,16,-4,23215,23450,235,1.012276545,2018/3/2,2018/3/2
CY.CZC,2018/3/5,23095,23095,23450,22520,23350,26,3004900,None,-100,-0.426439232,4.026845638,23114.61538,20,4,23450,23115,-335,-1.428571429,2018/3/5,2018/3/5
CY.CZC,2018/3/6,23350,23280,23280,23280,23280,2,232800,None,165,0.713822193,0,23280,20,0,23115,23280,165,0.713822193,2018/3/6,2018/3/6
CY.CZC,2018/3/7,23280,23280,23280,23280,23280,0,0,None,-23280,0.085910653,0,23280,20,0,23280,23300,20,0.085910653,2018/3/6,2018/3/7
CY.CZC,2018/3/8,23280,23300,23315,23300,23300,8,932200,None,0,0,0.064377682,23305,16,-4,23300,23305,5,0.021459227,2018/3/8,2018/3/8
CY.CZC,2018/3/9,23300,23300,23315,23300,23300,0,0,None,-23305,0.06436387,0.064377682,23305,16,0,23305,23320,15,0.06436387,2018/3/8,2018/3/9
CY.CZC,2018/3/12,23300,22505,23655,22505,23300,6,694600,None,-20,-0.085763293,4.931389365,23153.33333,14,-2,23320,23155,-165,-0.70754717,2018/3/12,2018/3/12
CY.CZC,2018/3/13,23300,23345,23385,23345,23350,6,700800,None,195,0.842150723,0.17167382,23360,8,-6,23155,23360,205,0.88533794,2018/3/13,2018/3/13
CY.CZC,2018/3/14,23350,23350,23525,23275,23275,8,935000,None,-85,-0.363869863,1.070663812,23375,10,2,23360,23375,15,0.064212329,2018/3/14,2018/3/14
CY.CZC,2018/3/15,23275,23350,23525,23275,23275,0,0,None,-23375,-0.128342246,1.070663812,23375,10,0,23375,23345,-30,-0.128342246,2018/3/14,2018/3/15
CY.CZC,2018/3/16,23275,23350,23525,23275,23275,0,0,None,-23345,-0.214178625,1.070663812,23375,10,0,23345,23295,-50,-0.214178625,2018/3/14,2018/3/16
CY.CZC,2018/3/19,23275,23350,23525,23275,23275,0,0,None,-23295,-0.085855334,1.070663812,23375,10,0,23295,23275,-20,-0.085855334,2018/3/14,2018/3/19
CY.CZC,2018/3/20,23275,23515,23515,23515,23515,2,235200,None,240,1.031149302,0,23520,8,-2,23275,23515,240,1.031149302,2018/3/20,2018/3/20
CY.CZC,2018/3/21,23515,23515,23515,23515,23515,0,0,None,-23515,-0.042526047,0,23520,8,0,23515,23505,-10,-0.042526047,2018/3/20,2018/3/21
CY.CZC,2018/3/22,23515,23515,23515,23515,23515,0,0,None,-23505,0,0,23520,8,0,23505,23505,0,0,2018/3/20,2018/3/22
CY.CZC,2018/3/23,23515,23515,23515,23515,23515,0,0,None,-23505,-0.425441395,0,23520,8,0,23505,23405,-100,-0.425441395,2018/3/20,2018/3/23
CY.CZC,2018/3/26,23515,23425,23540,23250,23540,122,14280200,None,135,0.576799829,1.239051485,23410.16393,6,-2,23405,23410,5,0.021362957,2018/3/26,2018/3/26
CY.CZC,2018/3/27,23540,24065,24065,23900,23900,4,479700,None,490,2.093122597,0.700934579,23985,6,0,23410,23985,575,2.456215293,2018/3/27,2018/3/27
CY.CZC,2018/3/28,23900,23045,23330,23045,23330,4,463800,None,-655,-2.730873463,1.192468619,23190,8,2,23985,23190,-795,-3.314571607,2018/3/28,2018/3/28
CY.CZC,2018/3/29,23330,23160,23160,23120,23120,4,462800,None,-70,-0.301854248,0.171453065,23140,6,-2,23190,23140,-50,-0.215610177,2018/3/29,2018/3/29
CY.CZC,2018/3/30,23120,23160,23160,23120,23120,0,0,None,-23140,0.151253241,0.171453065,23140,6,0,23140,23175,35,0.151253241,2018/3/29,2018/3/30
CY.CZC,2018/4/2,23120,23160,23160,23120,23120,0,0,None,-23175,0,0.171453065,23140,6,0,23175,23175,0,0,2018/3/29,2018/4/2
CY.CZC,2018/4/3,23120,23085,23845,23085,23495,6,704300,None,320,1.380798274,3.279395901,23476.66667,6,0,23175,23475,300,1.294498382,2018/4/3,2018/4/3
CY.CZC,2018/4/4,23495,23085,23845,23085,23495,0,0,None,-23475,-0.724174654,3.279395901,23476.66667,6,0,23475,23305,-170,-0.724174654,2018/4/3,2018/4/4
CY.CZC,2018/4/9,23495,23085,23845,23085,23495,0,0,None,-23305,0,3.279395901,23476.66667,6,0,23305,23305,0,0,2018/4/3,2018/4/9
CY.CZC,2018/4/10,23495,23085,23845,23085,23495,0,0,None,-23305,0,3.279395901,23476.66667,6,0,23305,23305,0,0,2018/4/3,2018/4/10
CY.CZC,2018/4/11,23495,23085,23845,23085,23495,0,0,None,-23305,0,3.279395901,23476.66667,6,0,23305,23305,0,0,2018/4/3,2018/4/11
CY.CZC,2018/4/12,23495,23085,23845,23085,23495,0,0,None,-23305,0,3.279395901,23476.66667,6,0,23305,23305,0,0,2018/4/3,2018/4/12
CY.CZC,2018/4/13,23495,23085,23845,23085,23495,0,0,None,-23305,0,3.279395901,23476.66667,6,0,23305,23305,0,0,2018/4/3,2018/4/13
CY.CZC,2018/4/16,23495,23085,23845,23085,23495,0,0,None,-23305,0,3.279395901,23476.66667,6,0,23305,23305,0,0,2018/4/3,2018/4/16
CY.CZC,2018/4/17,23495,23085,23845,23085,23495,0,0,None,-23305,0,3.279395901,23476.66667,6,0,23305,23305,0,0,2018/4/3,2018/4/17
CY.CZC,2018/4/18,23495,23085,23845,23085,23495,0,0,None,-23305,0,3.279395901,23476.66667,6,0,23305,23305,0,0,2018/4/3,2018/4/18
CY.CZC,2018/4/19,23495,23085,23845,23085,23495,0,0,None,-23305,0,3.279395901,23476.66667,6,0,23305,23305,0,0,2018/4/3,2018/4/19
CY.CZC,2018/04/20,None,None,None,None,None,0.0,0.0,None,-23305.0,0.0,None,None,6.0,0.0,23305.0,23305.0,0.0,0.0,2018/04/03,2018/04/20
CY.CZC,2018/04/23,None,None,None,None,None,0.0,0.0,None,-23305.0,0.0,None,None,6.0,0.0,23305.0,23305.0,0.0,0.0,2018/04/03,2018/04/23
CY.CZC,2018/04/24,None,None,None,None,None,0.0,0.0,None,-23305.0,0.0,None,None,6.0,0.0,23305.0,23305.0,0.0,0.0,2018/04/03,2018/04/24
CY.CZC,2018/04/25,None,None,None,None,None,0.0,0.0,None,-23305.0,0.0,None,None,6.0,0.0,23305.0,23305.0,0.0,0.0,2018/04/03,2018/04/25
CY.CZC,2018/04/26,None,None,None,None,None,0.0,0.0,None,-23305.0,0.0,None,None,6.0,0.0,23305.0,23305.0,0.0,0.0,2018/04/03,2018/04/26
CY.CZC,2018/04/27,None,None,None,None,None,0.0,0.0,None,-23305.0,0.0,None,None,6.0,0.0,23305.0,23305.0,0.0,0.0,2018/04/03,2018/04/27
CY.CZC,2018/05/02,None,None,None,None,None,0.0,0.0,None,-23305.0,0.0,None,None,6.0,0.0,23305.0,23305.0,0.0,0.0,2018/04/03,2018/05/02
CY.CZC,2018/05/03,None,None,None,None,None,0.0,0.0,None,-23305.0,0.0,None,None,6.0,0.0,23305.0,23305.0,0.0,0.0,2018/04/03,2018/05/03
CY.CZC,2018/05/04,None,None,None,None,None,0.0,0.0,None,-23305.0,0.0,None,None,6.0,0.0,23305.0,23305.0,0.0,0.0,2018/04/03,2018/05/04
CY.CZC,2018/05/07,None,None,None,None,None,0.0,0.0,None,-23305.0,0.0,None,None,6.0,0.0,23305.0,23305.0,0.0,0.0,2018/04/03,2018/05/07
CY.CZC,2018/05/08,None,None,None,None,None,0.0,0.0,None,-23305.0,0.0,None,None,6.0,0.0,23305.0,23305.0,0.0,0.0,2018/04/03,2018/05/08
CY.CZC,2018/05/09,None,23600.0,23740.0,22815.0,23485.0,36.0,4242700.0,None,-215.0,-0.907172995781,3.9691053422,23570.5555556,24.0,18.0,23700.0,23570.0,-130.0,-0.548523206751,2018/05/09,2018/05/09
CY.CZC,2018/05/10,23485.0,23780.0,23780.0,23780.0,23780.0,2.0,237800.0,None,210.0,0.890963088672,0.0,23780.0,26.0,2.0,23570.0,23780.0,210.0,0.890963088672,2018/05/10,2018/05/10
CY.CZC,2018/05/11,23780.0,23900.0,24000.0,23535.0,23640.0,38.0,4496200.0,None,-140.0,-0.588730025231,1.95542472666,23664.2105263,16.0,-10.0,23780.0,23665.0,-115.0,-0.483599663583,2018/05/11,2018/05/11
CY.CZC,2018/05/14,23640.0,23640.0,23640.0,23640.0,23640.0,2.0,236400.0,None,-25.0,-0.105641242341,0.0,23640.0,14.0,-2.0,23665.0,23640.0,-25.0,-0.105641242341,2018/05/14,2018/05/14
CY.CZC,2018/05/15,23640.0,23420.0,23770.0,22770.0,23400.0,16.0,1865700.0,None,-240.0,-1.0152284264,4.23011844332,23321.25,4.0,-10.0,23640.0,23320.0,-320.0,-1.35363790186,2018/05/15,2018/05/15
CY.CZC,2018/05/16,23400.0,23795.0,24255.0,23365.0,24255.0,26.0,3129000.0,None,935.0,4.00943396226,3.80341880342,24069.2307692,10.0,6.0,23320.0,24070.0,750.0,3.21612349914,2018/05/16,2018/05/16
CY.CZC,2018/05/17,24255.0,24895.0,24900.0,24070.0,24710.0,628.0,77234000.0,None,640.0,2.6589115081,3.42197485055,24596.8152866,68.0,58.0,24070.0,24595.0,525.0,2.18113834649,2018/05/17,2018/05/17
CY.CZC,2018/05/18,24710.0,24615.0,25580.0,24615.0,25560.0,1162.0,147500800.0,None,965.0,3.92356169953,3.90530149737,25387.4010327,292.0,224.0,24595.0,25385.0,790.0,3.21203496646,2018/05/18,2018/05/18
CY.CZC,2018/05/21,25560.0,25600.0,26405.0,25600.0,26405.0,5164.0,680526000.0,None,1020.0,4.01812093756,3.14945226917,26356.5453137,1374.0,1082.0,25385.0,26355.0,970.0,3.82115422494,2018/05/21,2018/05/21
CY.CZC,2018/05/22,26405.0,26760.0,27985.0,26750.0,27320.0,26584.0,3665939500.0,None,965.0,3.66154429899,4.67714448021,27580.0443876,2928.0,1554.0,26355.0,27580.0,1225.0,4.64807436919,2018/05/22,2018/05/22
CY.CZC,2018/05/23,27320.0,27380.0,28475.0,26610.0,27230.0,128934.0,17708949000.0,None,-350.0,-1.26903553299,6.82650073206,27469.7891945,9452.0,6524.0,27580.0,27470.0,-110.0,-0.398839738941,2018/05/23,2018/05/23
CY.CZC,2018/05/24,27230.0,27460.0,27645.0,26405.0,26440.0,175156.0,23426384800.0,None,-1030.0,-3.74954495814,4.55380095483,26749.166229,15000.0,5548.0,27470.0,26750.0,-720.0,-2.62104113578,2018/05/24,2018/05/24
CY.CZC,2018/05/25,26440.0,26430.0,26605.0,25760.0,26275.0,196014.0,25702955800.0,None,-475.0,-1.77570093458,3.19591527988,26225.6326589,14300.0,-700.0,26750.0,26225.0,-525.0,-1.96261682243,2018/05/25,2018/05/25
CY.CZC,2018/05/28,26275.0,26215.0,26435.0,26000.0,26180.0,137146.0,17981778800.0,None,-45.0,-0.171591992374,1.6555661275,26222.8264769,14724.0,424.0,26225.0,26225.0,0.0,0.0,2018/05/28,2018/05/28
CY.CZC,2018/05/29,26180.0,26255.0,27275.0,26075.0,27275.0,115458.0,15443980200.0,None,1050.0,4.00381315539,4.58365164248,26752.5510575,18826.0,4102.0,26225.0,26755.0,530.0,2.02097235462,2018/05/29,2018/05/29
CY.CZC,2018/05/30,27275.0,27475.0,27765.0,26660.0,26760.0,204670.0,27935136900.0,None,5.0,0.018688095683,4.05132905591,27297.7347926,14062.0,-4764.0,26755.0,27300.0,545.0,2.03700242945,2018/05/30,2018/05/30
CY.CZC,2018/05/31,26760.0,26600.0,27065.0,26400.0,26520.0,126054.0,16876541700.0,None,-780.0,-2.85714285714,2.48505231689,26776.6857061,11860.0,-2202.0,27300.0,26775.0,-525.0,-1.92307692308,2018/05/31,2018/05/31
CY.CZC,2018/06/01,26520.0,26535.0,27060.0,26500.0,26910.0,150976.0,20238750900.0,None,135.0,0.504201680672,2.11161387632,26810.5538629,13170.0,1310.0,26775.0,26810.0,35.0,0.130718954248,2018/06/01,2018/06/01
CY.CZC,2018/06/04,26910.0,26950.0,27375.0,26595.0,26650.0,133712.0,18012215800.0,None,-160.0,-0.596792241701,2.89855072464,26941.8089625,13392.0,222.0,26810.0,26940.0,130.0,0.484893696382,2018/06/04,2018/06/04
CY.CZC,2018/06/05,26650.0,26680.0,26715.0,25860.0,25860.0,124280.0,16310505800.0,None,-1080.0,-4.00890868597,3.20825515947,26247.997747,15536.0,2144.0,26940.0,26250.0,-690.0,-2.56124721604,2018/06/05,2018/06/05
CY.CZC,2018/06/06,25860.0,25800.0,26125.0,25665.0,25875.0,95952.0,12438060000.0,None,-375.0,-1.42857142857,1.77880897138,25925.5877939,10132.0,-5404.0,26250.0,25925.0,-325.0,-1.2380952381,2018/06/06,2018/06/06
CY.CZC,2018/06/07,25875.0,25945.0,26120.0,25780.0,25970.0,66782.0,8675941900.0,None,45.0,0.173577627772,1.31400966184,25982.8753257,10490.0,358.0,25925.0,25985.0,60.0,0.23143683703,2018/06/07,2018/06/07
CY.CZC,2018/06/08,25970.0,25960.0,26050.0,25675.0,25820.0,54888.0,7104367000.0,None,-165.0,-0.634981720223,1.44397381594,25886.7767089,9038.0,-1452.0,25985.0,25885.0,-100.0,-0.384837406196,2018/06/08,2018/06/08
CY.CZC,2018/06/11,25820.0,25750.0,26190.0,25570.0,26015.0,62466.0,8102611400.0,None,130.0,0.502221363724,2.40123934934,25942.4691832,8892.0,-146.0,25885.0,25940.0,55.0,0.212478269268,2018/06/11,2018/06/11
CY.CZC,2018/06/12,26015.0,26005.0,26080.0,25755.0,25945.0,46854.0,6075868400.0,None,5.0,0.0192752505783,1.24927926196,25935.3241986,8510.0,-382.0,25940.0,25935.0,-5.0,-0.0192752505783,2018/06/12,2018/06/12
CY.CZC,2018/06/13,25945.0,25995.0,26865.0,25915.0,26665.0,76464.0,10094052700.0,None,730.0,2.81472913052,3.66159182887,26402.1047813,10182.0,1672.0,25935.0,26400.0,465.0,1.79294389821,2018/06/13,2018/06/13
CY.CZC,2018/06/14,26665.0,26530.0,26720.0,25860.0,25870.0,71554.0,9423762300.0,None,-530.0,-2.00757575758,3.2252015751,26340.2809067,9364.0,-818.0,26400.0,26340.0,-60.0,-0.227272727273,2018/06/14,2018/06/14
CY.CZC,2018/06/15,25870.0,25900.0,26130.0,25710.0,25820.0,54112.0,7003303200.0,None,-520.0,-1.97418375095,1.62350212601,25884.4736842,7936.0,-1428.0,26340.0,25885.0,-455.0,-1.72741078208,2018/06/15,2018/06/15
CY.CZC,2018/06/19,25820.0,25880.0,26255.0,24845.0,24845.0,49732.0,6373408400.0,None,-1040.0,-4.01777090979,5.46088303641,25631.0158449,6750.0,-1186.0,25885.0,25630.0,-255.0,-0.985126521151,2018/06/19,2018/06/19
CY.CZC,2018/06/20,24845.0,24740.0,25140.0,24720.0,24985.0,40444.0,5053575500.0,None,-645.0,-2.51658213032,1.69048098209,24990.4831372,5830.0,-920.0,25630.0,24990.0,-640.0,-2.49707374171,2018/06/20,2018/06/20
CY.CZC,2018/06/21,24985.0,24995.0,25275.0,24770.0,24970.0,40706.0,5086816000.0,None,-20.0,-0.0800320128051,2.02121272764,24992.9543556,5714.0,-116.0,24990.0,24995.0,5.0,0.0200080032013,2018/06/21,2018/06/21
CY.CZC,2018/06/22,24970.0,24995.0,25275.0,24770.0,24970.0,40706.0,5086816000.0,None,-20.0,-0.0800320128051,2.02121272764,24992.9543556,5714.0,-116.0,24990.0,24995.0,5.0,0.0200080032013,2018/06/21,2018/06/22
