HC,20140321,3316,3316,3252,3336,3230,3324,3300,8,-16,187478,619004.02 ,52030,
HC,20140324,3324,3300,3314,3330,3266,3330,3304,30,4,86810,286857.78 ,47616,
HC,20140325,3330,3304,3326,3400,3320,3378,3358,74,54,119854,402611.43 ,61256,
HC,20140326,3378,3358,3370,3382,3354,3376,3368,18,10,37876,127606.69 ,60560,
HC,20140327,3376,3368,3368,3386,3350,3362,3364,-6,-4,40230,135364.98 ,61430,
HC,20140328,3362,3364,3376,3386,3360,3382,3372,18,8,34290,115673.84 ,63080,
HC,20140331,3382,3372,3396,3422,3382,3410,3402,38,30,60970,207475.02 ,65640,
HC,20140401,3410,3402,3412,3418,3396,3414,3406,12,4,17896,60984.52 ,64136,
HC,20140402,3414,3406,3410,3426,3388,3390,3404,-16,-2,28570,97274.42 ,68700,
HC,20140403,3390,3404,3384,3414,3382,3410,3398,6,-6,20706,70374.10 ,68410,
HC,20140404,3410,3398,3412,3440,3402,3440,3422,42,24,21360,73132.90 ,70094,
HC,20140408,3440,3422,3450,3488,3442,3480,3468,58,46,40286,139763.12 ,80872,
HC,20140409,3480,3468,3488,3488,3444,3452,3462,-16,-6,32902,113911.15 ,81834,
HC,20140410,3452,3462,3450,3470,3442,3446,3456,-16,-6,19630,67862.72 ,81232,
HC,20140411,3446,3456,3430,3452,3430,3434,3440,-22,-16,13100,45076.60 ,76840,
HC,20140414,3434,3440,3432,3464,3432,3438,3446,-2,6,12642,43570.27 ,77020,
HC,20140415,3438,3446,3442,3448,3418,3448,3430,2,-16,20724,71119.02 ,75524,
HC,20140416,3448,3430,3446,3446,3410,3418,3418,-12,-12,18538,63399.10 ,68152,
HC,20140417,3418,3418,3428,3428,3410,3412,3418,-6,0,5590,19112.18 ,67404,
HC,20140418,3412,3418,3410,3412,3346,3354,3370,-64,-48,51760,174502.52 ,66498,
HC,20140421,3354,3370,3340,3364,3340,3340,3350,-30,-20,8292,27784.83 ,64836,
HC,20140422,3340,3350,3340,3366,3324,3354,3344,4,-6,23958,80130.26 ,60950,
HC,20140423,3354,3344,3358,3388,3336,3380,3358,36,14,19844,66637.44 ,58920,
HC,20140424,3380,3358,3376,3396,3366,3390,3380,32,22,12648,42766.44 ,58086,
HC,20140425,3390,3380,3398,3400,3372,3378,3382,-2,2,8566,28979.22 ,58570,
HC,20140428,3378,3382,3372,3372,3334,3336,3342,-46,-40,17354,58015.15 ,56630,
HC,20140429,3336,3342,3334,3374,3334,3360,3358,18,16,8736,29335.90 ,55692,
HC,20140430,3360,3358,3370,3370,3338,3344,3344,-14,-14,9948,33284.81 ,55210,
HC,20140505,3344,3344,3334,3362,3224,3352,3340,8,-4,11568,38652.20 ,53726,
HC,20140506,3352,3340,3342,3364,3336,3344,3350,4,10,4722,15818.94 ,52980,
HC,20140507,3344,3350,3338,3358,3330,3332,3340,-18,-10,9532,31841.78 ,52784,
HC,20140508,3332,3340,3330,3338,3310,3312,3320,-28,-20,13298,44166.62 ,49644,
HC,20140509,3312,3320,3312,3330,3302,3318,3318,-2,-2,9612,31903.26 ,49350,
HC,20140512,3318,3318,3332,3336,3298,3336,3316,18,-2,11512,38193.10 ,48264,
HC,20140513,3336,3316,3336,3346,3320,3326,3332,10,16,6694,22306.11 ,47826,
HC,20140514,3326,3332,3326,3330,3314,3324,3318,-8,-14,7744,25706.17 ,45016,
HC,20140515,3324,3318,3324,3328,3298,3300,3312,-18,-6,4666,15458.96 ,44738,
HC,20140516,3300,3312,3294,3300,3240,3272,3272,-40,-40,11898,38933.24 ,44178,
HC,20140519,3272,3272,3262,3284,3250,3264,3268,-8,-4,7402,24199.87 ,43860,
HC,20140520,3264,3268,3260,3276,3254,3262,3264,-6,-4,3226,10535.34 ,43792,
HC,20140521,3262,3264,3264,3284,3254,3274,3266,10,2,5076,16581.61 ,44056,
HC,20140522,3274,3266,3272,3314,3272,3280,3292,14,26,5670,18669.09 ,44030,
HC,20140523,3280,3292,3286,3294,3276,3282,3284,-10,-8,2478,8139.51 ,43846,
HC,20140526,3282,3284,3288,3330,3286,3326,3316,42,32,6526,21644.82 ,43958,
HC,20140527,3326,3316,3332,3370,3320,3340,3348,24,32,17214,57655.08 ,47808,
HC,20140528,3340,3348,3300,3342,3300,3312,3324,-36,-24,6688,22241.36 ,47400,
HC,20140529,3312,3324,3308,3324,3300,3308,3310,-16,-14,5696,18857.40 ,47004,
HC,20140530,3308,3310,3300,3300,3252,3264,3270,-46,-40,11890,38903.97 ,46412,
HC,20140603,3264,3270,3256,3290,3246,3268,3270,-2,0,11494,37597.26 ,45992,
HC,20140604,3268,3270,3268,3276,3260,3262,3268,-8,-2,7822,25572.15 ,46136,
HC,20140605,3262,3268,3268,3284,3252,3270,3264,2,-4,13050,42621.20 ,44186,
HC,20140606,3270,3264,3276,3282,3260,3282,3270,18,6,5212,17045.06 ,43436,
HC,20140609,3282,3270,3278,3282,3254,3262,3266,-8,-4,11062,36146.47 ,39938,
HC,20140610,3262,3266,3262,3272,3230,3268,3252,2,-14,8890,28927.29 ,39432,
HC,20140611,3268,3252,3270,3278,3254,3260,3262,8,10,5292,17265.44 ,39396,
HC,20140612,3260,3262,3252,3256,3230,3246,3244,-16,-18,12012,38985.19 ,39652,
HC,20140613,3246,3244,3238,3258,3230,3248,3246,4,2,12994,42187.06 ,40670,
HC,20140616,3248,3246,3250,3250,3216,3226,3228,-20,-18,18710,60397.34 ,45438,
HC,20140617,3226,3228,3218,3246,3208,3238,3230,10,2,7882,25471.45 ,44160,
HC,20140618,3238,3230,3240,3276,3232,3264,3258,34,28,19098,62222.35 ,45192,
HC,20140619,3264,3258,3266,3280,3260,3264,3272,6,14,17156,56134.54 ,47470,
HC,20140620,3264,3272,3270,3286,3254,3278,3270,6,-2,19092,62439.30 ,50848,
HC,20140623,3278,3270,3282,3304,3278,3298,3292,28,22,8742,28790.02 ,49562,
HC,20140624,3298,3292,3300,3300,3278,3282,3282,-10,-10,6520,21408.59 ,48822,
HC,20140625,3282,3282,3290,3292,3272,3288,3284,6,2,6804,22351.65 ,49218,
HC,20140626,3288,3284,3296,3320,3288,3320,3310,36,26,11450,37902.88 ,45718,
HC,20140627,3320,3310,3322,3328,3302,3304,3314,-6,4,4814,15956.20 ,46066,
HC,20140630,3304,3314,3300,3308,3286,3286,3290,-28,-24,4932,16235.45 ,44760,
HC,20140701,3286,3290,3288,3296,3276,3294,3282,4,-8,3924,12885.54 ,44460,
HC,20140702,3294,3282,3294,3312,3278,3308,3298,26,16,7372,24322.94 ,43246,
HC,20140703,3308,3298,3312,3328,3306,3310,3316,12,18,6234,20679.88 ,43904,
HC,20140704,3310,3316,3308,3314,3296,3306,3306,-10,-10,5872,19420.90 ,42924,
HC,20140707,3306,3306,3312,3312,3284,3294,3296,-12,-10,5172,17046.98 ,41674,
HC,20140708,3294,3296,3294,3314,3286,3312,3298,16,2,6470,21347.21 ,43144,
HC,20140709,3312,3298,3310,3316,3292,3298,3308,0,10,5230,17300.96 ,43120,
HC,20140710,3298,3308,3302,3340,3296,3328,3322,20,14,9708,32262.42 ,43068,
HC,20140711,3328,3322,3338,3344,3320,3342,3332,20,10,7836,26114.04 ,44582,
HC,20140714,3342,3332,3348,3366,3344,3364,3356,32,24,12282,41238.01 ,44654,
HC,20140715,3364,3356,3362,3388,3356,3360,3364,4,8,7740,26038.95 ,45640,
HC,20140716,3360,3364,3358,3362,3344,3344,3352,-20,-12,5070,16999.60 ,44050,
HC,20140717,3344,3352,3300,3350,3300,3328,3330,-24,-22,6182,20586.43 ,41722,
HC,20140718,3328,3330,3328,3328,3270,3276,3300,-54,-30,12988,42877.88 ,38676,
HC,20140721,3276,3300,3266,3294,3266,3284,3284,-16,-16,4414,14497.81 ,38462,
HC,20140722,3284,3284,3270,3302,3270,3286,3290,2,6,4140,13624.13 ,37634,
HC,20140723,3286,3290,3284,3290,3276,3278,3280,-12,-10,3616,11863.62 ,37872,
HC,20140724,3278,3280,3280,3294,3278,3288,3284,8,4,2778,9123.04 ,37924,
HC,20140725,3288,3284,3286,3306,3284,3294,3292,10,8,4538,14947.93 ,36976,
HC,20140728,3294,3292,3288,3310,3282,3300,3294,8,2,7096,23386.04 ,34716,
HC,20140729,3300,3294,3302,3328,3302,3320,3314,26,20,7024,23278.95 ,32716,
HC,20140730,3320,3314,3318,3318,3288,3300,3302,-14,-12,2952,9750.42 ,32114,
HC,20140731,3300,3302,3304,3310,3276,3290,3294,-12,-8,3886,12808.14 ,30606,
HC,20140801,3290,3294,3290,3294,3268,3282,3280,-12,-14,7408,24303.92 ,31934,
HC,20140804,3282,3280,3280,3300,3276,3290,3292,10,12,5896,19418.86 ,30126,
HC,20140805,3290,3292,3280,3384,3280,3310,3322,18,30,11272,37447.12 ,26860,
HC,20140806,3310,3322,3320,3340,3304,3334,3328,12,6,9316,31010.31 ,24228,
HC,20140807,3334,3328,3340,3350,3330,3340,3340,12,12,4256,14220.05 ,23270,
HC,20140808,3340,3340,3330,3342,3308,3320,3328,-20,-12,10304,34307.31 ,19600,
HC,20140811,3320,3328,3332,3332,3310,3314,3320,-14,-8,3082,10236.66 ,18236,
HC,20140812,3314,3320,3308,3356,3302,3324,3312,4,-8,3194,10581.90 ,17290,
HC,20140813,3324,3312,3326,3342,3308,3310,3320,-2,8,3342,11097.32 ,16558,
HC,20140814,3310,3320,3310,3310,3272,3278,3298,-42,-22,5210,17185.29 ,16018,
HC,20140815,3278,3298,3270,3320,3218,3298,3270,0,-28,4760,15574.36 ,15592,
HC,20140818,3298,3270,3302,3306,3268,3278,3282,8,12,3134,10287.80 ,14754,
HC,20140819,3278,3282,3274,3298,3274,3290,3286,8,4,1488,4890.22 ,14326,
HC,20140820,3290,3286,3280,3300,3268,3268,3274,-18,-12,3088,10113.27 ,12850,
HC,20140821,3268,3274,3270,3280,3254,3274,3266,0,-8,1882,6147.04 ,12000,
HC,20140822,3274,3266,3308,3308,3212,3212,3254,-54,-12,3302,10748.81 ,12488,
HC,20140825,3212,3254,3208,3240,3180,3190,3214,-64,-40,3644,11718.69 ,12282,
HC,20140826,3190,3214,3196,3214,3164,3176,3190,-38,-24,3102,9896.47 ,12898,
HC,20140827,3176,3190,3184,3220,3156,3170,3182,-20,-8,4504,14337.85 ,11232,
HC,20140828,3170,3182,3180,3180,3124,3132,3148,-50,-34,3232,10175.53 ,10452,
HC,20140829,3132,3148,3126,3170,3126,3164,3154,16,6,2788,8796.39 ,9348,
HC,20140901,3142,3124,3122,3146,3100,3110,3130,-14,6,8270,25896.64 ,15028,
HC,20140902,3110,3130,3100,3126,3086,3098,3100,-32,-30,9588,29727.06 ,17106,
HC,20140903,3098,3100,3086,3092,3052,3072,3068,-28,-32,13326,40894.18 ,24596,
HC,20140904,3072,3068,3070,3070,3036,3036,3052,-32,-16,8130,24822.28 ,27404,
HC,20140905,3036,3052,3050,3050,3026,3032,3036,-20,-16,6760,20525.88 ,27388,
HC,20140909,3032,3036,3030,3030,2952,2956,2986,-80,-50,14078,42060.20 ,34286,
HC,20140910,2956,2986,2950,3008,2908,2976,2956,-10,-30,15752,46571.35 ,33210,
HC,20140911,2976,2956,2972,2976,2922,2938,2942,-18,-14,13134,38665.80 ,36286,
HC,20140912,2938,2942,2942,2972,2926,2968,2950,26,8,9276,27377.41 ,36726,
HC,20140915,2968,2950,2958,3000,2958,2996,2986,46,36,10018,29919.49 ,37474,
HC,20140916,2996,2986,3000,3010,2948,2950,2976,-36,-10,14842,44178.27 ,38058,
HC,20140917,2950,2976,2980,2986,2944,2962,2956,-14,-20,10622,31418.14 ,39296,
HC,20140918,2962,2956,2960,2970,2930,2934,2940,-22,-16,12634,37159.96 ,38788,
HC,20140919,2934,2940,2914,2932,2872,2882,2898,-58,-42,18248,52888.51 ,33740,
HC,20140922,2882,2898,2882,2882,2790,2792,2824,-106,-74,22268,62885.68 ,30324,
HC,20140923,2792,2824,2790,2850,2786,2808,2822,-16,-2,15950,45021.20 ,29330,
HC,20140924,2808,2822,2818,2844,2816,2832,2834,10,12,12778,36221.76 ,31436,
HC,20140925,2832,2834,2834,2834,2786,2790,2806,-44,-28,21428,60169.09 ,32918,
HC,20140926,2790,2806,2790,2864,2780,2836,2832,30,26,15774,44674.96 ,32366,
HC,20140929,2836,2832,2850,2850,2780,2800,2802,-32,-30,12562,35205.35 ,30648,
HC,20140930,2800,2802,2802,2828,2802,2816,2816,14,14,4564,12856.18 ,30294,
HC,20141008,2816,2816,2828,2854,2754,2772,2808,-44,-8,9430,26479.65 ,31788,
HC,20141009,2772,2808,2782,2816,2754,2810,2782,2,-26,19294,53684.93 ,34540,
HC,20141010,2810,2782,2810,2860,2790,2840,2832,58,50,23898,67679.45 ,36230,
HC,20141013,2840,2832,2840,2942,2840,2920,2906,88,74,28810,83765.80 ,36874,
HC,20141014,2920,2906,2934,2934,2886,2894,2900,-12,-6,10378,30100.14 ,36746,
HC,20141015,2894,2900,2890,2910,2880,2902,2898,2,-2,9352,27107.24 ,36480,
HC,20141016,2902,2898,2850,2888,2834,2868,2868,-30,-30,15396,44165.52 ,36982,
HC,20141017,2868,2868,2878,2882,2848,2860,2862,-8,-6,10364,29676.18 ,35614,
HC,20141020,2860,2862,2882,2906,2870,2896,2882,34,20,12424,35830.31 ,36412,
HC,20141021,2896,2882,2900,2912,2874,2874,2886,-8,4,6972,20124.61 ,37982,
HC,20141022,2874,2886,2872,2886,2844,2866,2860,-20,-26,11052,31627.08 ,35846,
HC,20141023,2866,2860,2862,2862,2832,2834,2842,-26,-18,11568,32898.91 ,35166,
HC,20141024,2834,2842,2848,2870,2834,2858,2848,16,6,9364,26684.11 ,33886,
HC,20141027,2858,2848,2868,2878,2850,2862,2864,14,16,5780,16555.89 ,34052,
HC,20141028,2862,2864,2862,2866,2842,2844,2852,-20,-12,9444,26939.23 ,35454,
HC,20141029,2844,2852,2848,2860,2840,2860,2850,8,-2,10526,30007.92 ,36630,
HC,20141030,2860,2850,2866,2872,2820,2852,2856,2,6,10314,29467.90 ,35758,
HC,20141031,2852,2856,2852,2870,2842,2856,2856,0,0,8140,23249.66 ,35548,
HC,20141103,2856,2856,2844,2858,2830,2830,2840,-26,-16,7588,21552.86 ,35544,
HC,20141104,2830,2840,2830,2850,2822,2836,2836,-4,-4,6800,19294.31 ,35442,
HC,20141105,2836,2836,2830,2842,2826,2828,2834,-8,-2,6182,17521.75 ,35202,
HC,20141106,2828,2834,2828,2844,2826,2832,2832,-2,-2,3798,10761.22 ,35208,
HC,20141107,2832,2832,2836,2848,2832,2836,2836,4,4,4976,14117.80 ,33680,
HC,20141110,2836,2836,2850,2886,2850,2874,2872,38,36,7890,22667.09 ,35144,
HC,20141111,2874,2872,2872,2880,2850,2868,2862,-4,-10,4638,13277.86 ,35384,
HC,20141112,2868,2862,2872,2898,2868,2888,2886,26,24,13080,37764.51 ,37400,
HC,20141113,2888,2886,2880,2880,2850,2870,2866,-16,-20,5088,14589.99 ,36148,
HC,20141114,2870,2866,2860,2878,2842,2876,2868,10,2,5858,16801.20 ,35442,
HC,20141117,2876,2868,2878,2890,2870,2872,2878,4,10,3390,9760.01 ,35170,
HC,20141118,2872,2878,2872,2872,2856,2862,2862,-16,-16,10480,29997.52 ,36730,
HC,20141119,2862,2862,2856,2876,2852,2860,2862,-2,0,4740,13574.93 ,36016,
HC,20141120,2860,2862,2860,2886,2860,2884,2876,22,14,6012,17294.28 ,37066,
HC,20141121,2884,2876,2880,2920,2880,2884,2888,8,12,7600,21950.76 ,35532,
HC,20141124,2884,2888,2896,2918,2872,2884,2882,-4,-6,5372,15488.14 ,34202,
HC,20141125,2884,2882,2880,2896,2860,2888,2878,6,-4,3298,9491.72 ,33646,
HC,20141126,2888,2878,2886,2894,2876,2886,2884,8,6,2750,7932.94 ,33042,
HC,20141127,2886,2884,2888,2988,2888,2980,2934,96,50,9496,27861.27 ,32468,
HC,20141128,2980,2934,2878,2976,2878,2960,2952,26,18,9178,27095.08 ,29040,
HC,20141201,2960,2952,2942,3012,2910,2986,2956,34,4,6254,18494.63 ,27798,
HC,20141202,2986,2956,3002,3018,2980,2984,2988,28,32,5928,17723.17 ,24836,
HC,20141203,2984,2988,2980,2996,2944,2992,2962,4,-26,9550,28303.54 ,21340,
HC,20141204,2992,2962,2988,3016,2962,2976,2986,14,24,8548,25531.66 ,17244,
HC,20141205,2976,2986,2986,3006,2960,3006,2990,20,4,2444,7309.63 ,16888,
HC,20141208,3006,2990,2992,3010,2982,2998,2998,8,8,1790,5366.59 ,16216,
HC,20141209,2998,2998,2990,3010,2980,2980,2990,-18,-8,2708,8098.96 ,15436,
HC,20141210,2980,2990,2986,2996,2972,2996,2988,6,-2,908,2713.23 ,15030,
HC,20141211,2996,2988,2986,3008,2980,3004,2994,16,6,566,1695.35 ,14796,
HC,20141212,3004,2994,3014,3016,2994,3004,3004,10,10,774,2326.13 ,14676,
HC,20141215,2948,2914,2938,2946,2920,2926,2930,12,16,3512,10296.82 ,15316,
HC,20141216,2926,2930,2918,2918,2884,2896,2896,-34,-34,5780,16746.91 ,14660,
HC,20141217,2896,2896,2888,2900,2870,2882,2882,-14,-14,4874,14055.63 ,15000,
HC,20141218,2882,2882,2884,2892,2864,2886,2876,4,-6,2920,8402.60 ,14930,
HC,20141219,2886,2876,2886,2898,2872,2888,2886,12,10,2290,6609.18 ,15108,
HC,20141222,2888,2886,2888,2888,2848,2854,2860,-32,-26,5116,14639.32 ,14684,
HC,20141223,2854,2860,2848,2848,2804,2804,2826,-56,-34,6404,18109.10 ,15214,
HC,20141224,2804,2826,2820,2852,2812,2848,2828,22,2,4716,13339.39 ,14872,
HC,20141225,2848,2828,2838,2840,2824,2824,2832,-4,4,1748,4950.66 ,15100,
HC,20141226,2824,2832,2820,2850,2816,2820,2828,-12,-4,2944,8330.75 ,15232,
HC,20141229,2820,2828,2820,2862,2804,2850,2844,22,16,3912,11127.23 ,15004,
HC,20141230,2850,2844,2850,2956,2846,2956,2918,112,74,11186,32640.90 ,15524,
HC,20141231,2956,2918,2950,2958,2904,2928,2924,10,6,6260,18312.28 ,14374,
HC,20150105,2928,2924,2928,2928,2886,2902,2900,-22,-24,3480,10094.02 ,14328,
HC,20150106,2902,2900,2882,2992,2882,2936,2936,36,36,7502,22035.92 ,14760,
HC,20150107,2936,2936,2930,2932,2894,2902,2904,-34,-32,4930,14319.09 ,14582,
HC,20150108,2902,2904,2902,2912,2874,2878,2888,-26,-16,3476,10041.56 ,14606,
HC,20150109,2878,2888,2882,2882,2832,2834,2854,-54,-34,4748,13552.23 ,15336,
HC,20150112,2834,2854,2836,2842,2750,2752,2792,-102,-62,10700,29874.70 ,15696,
HC,20150113,2752,2792,2750,2764,2724,2736,2738,-56,-54,7650,20956.50 ,17142,
HC,20150114,2736,2738,2732,2742,2628,2670,2682,-68,-56,20266,54392.21 ,20594,
HC,20150115,2670,2682,2670,2696,2658,2692,2674,10,-8,11844,31679.77 ,21966,
HC,20150116,2692,2674,2698,2708,2650,2682,2676,8,2,11764,31496.27 ,22776,
HC,20150119,2682,2676,2676,2684,2650,2666,2664,-10,-12,10318,27504.80 ,23730,
HC,20150120,2666,2664,2656,2674,2638,2644,2650,-20,-14,10034,26600.42 ,22320,
HC,20150121,2644,2650,2650,2662,2632,2640,2646,-10,-4,9092,24064.65 ,21312,
HC,20150122,2640,2646,2628,2656,2612,2632,2638,-14,-8,8936,23586.64 ,21898,
HC,20150123,2632,2638,2632,2640,2606,2610,2620,-28,-18,9434,24724.59 ,24036,
HC,20150126,2610,2620,2604,2612,2544,2560,2576,-60,-44,18546,47802.99 ,25014,
HC,20150127,2560,2576,2560,2576,2546,2550,2558,-26,-18,20578,52638.96 ,32330,
HC,20150128,2550,2558,2550,2620,2546,2594,2592,36,34,38828,100662.07 ,33702,
HC,20150129,2594,2592,2602,2626,2586,2622,2608,30,16,23438,61171.27 ,37972,
HC,20150130,2622,2608,2620,2624,2596,2600,2612,-8,4,11080,28951.96 ,37316,
HC,20150202,2600,2612,2602,2716,2578,2592,2606,-20,-6,22808,59462.59 ,40268,
HC,20150203,2592,2606,2598,2602,2582,2586,2592,-20,-14,13414,34769.42 ,43610,
HC,20150204,2586,2592,2590,2606,2572,2574,2586,-18,-6,21074,54521.47 ,49806,
HC,20150205,2574,2586,2586,2588,2564,2578,2576,-8,-10,18368,47346.13 ,55352,
HC,20150206,2578,2576,2578,2594,2574,2584,2580,8,4,13122,33880.20 ,59312,
HC,20150209,2584,2580,2588,2588,2566,2574,2574,-6,-6,10306,26535.93 ,60020,
HC,20150210,2574,2574,2570,2586,2570,2582,2578,8,4,5198,13408.48 ,59506,
HC,20150211,2582,2578,2582,2606,2578,2602,2588,24,10,7740,20033.80 ,58380,
HC,20150212,2602,2588,2606,2610,2580,2596,2588,8,0,5844,15129.94 ,58176,
HC,20150213,2596,2588,2598,2622,2586,2610,2606,22,18,11490,29953.88 ,58164,
HC,20150216,2610,2606,2608,2646,2608,2624,2628,18,22,14306,37619.38 ,58304,
HC,20150217,2624,2628,2628,2628,2602,2612,2612,-16,-16,6546,17101.50 ,58520,
HC,20150225,2612,2612,2614,2614,2572,2594,2588,-18,-24,6510,16853.98 ,57920,
HC,20150226,2594,2588,2594,2614,2588,2610,2600,22,12,10500,27320.10 ,59772,
HC,20150227,2610,2600,2614,2620,2582,2584,2598,-16,-2,11906,30938.05 ,60794,
HC,20150302,2584,2598,2584,2606,2570,2594,2584,-4,-14,16776,43359.62 ,60410,
HC,20150303,2594,2584,2592,2602,2578,2584,2588,0,4,12670,32801.11 ,61224,
HC,20150304,2584,2588,2582,2594,2578,2590,2586,2,-2,7622,19711.69 ,61116,
HC,20150305,2590,2586,2590,2590,2554,2562,2568,-24,-18,26012,66799.98 ,59512,
HC,20150306,2562,2568,2562,2572,2544,2548,2556,-20,-12,17016,43522.58 ,57808,
HC,20150309,2548,2556,2548,2562,2516,2526,2534,-30,-22,30006,76073.33 ,54124,
HC,20150310,2526,2534,2524,2532,2494,2498,2514,-36,-20,16732,42065.82 ,49812,
HC,20150311,2498,2514,2482,2508,2482,2494,2494,-20,-20,14032,35006.90 ,47990,
HC,20150312,2494,2494,2488,2560,2484,2510,2506,16,12,15190,38089.36 ,46778,
HC,20150313,2510,2506,2512,2526,2498,2502,2512,-4,6,9272,23292.39 ,45808,
HC,20150316,2502,2512,2502,2530,2496,2528,2512,16,0,7804,19611.22 ,45022,
HC,20150317,2528,2512,2518,2536,2516,2534,2526,22,14,6372,16107.62 ,44096,
HC,20150318,2534,2526,2532,2538,2498,2504,2514,-22,-12,14544,36591.85 ,39188,
HC,20150319,2504,2514,2502,2524,2498,2510,2510,-4,-4,6528,16385.66 ,39008,
HC,20150320,2510,2510,2506,2524,2506,2510,2514,0,4,6560,16496.02 ,38942,
HC,20150323,2510,2514,2510,2568,2502,2558,2538,44,24,15814,40152.63 ,35758,
HC,20150324,2558,2538,2576,2580,2546,2554,2560,16,22,10188,26093.10 ,33026,
HC,20150325,2554,2560,2552,2566,2532,2536,2546,-24,-14,7886,20089.08 ,29524,
HC,20150326,2536,2546,2540,2546,2514,2518,2528,-28,-18,10798,27299.88 ,25476,
HC,20150327,2518,2528,2512,2520,2458,2508,2490,-20,-38,10010,24943.99 ,23798,
HC,20150330,2508,2490,2508,2520,2474,2488,2494,-2,4,6086,15182.10 ,23340,
HC,20150331,2488,2494,2490,2506,2476,2478,2484,-16,-10,5566,13836.43 ,23460,
HC,20150401,2478,2484,2480,2502,2448,2452,2466,-32,-18,8982,22160.49 ,21024,
HC,20150402,2452,2466,2452,2460,2410,2410,2426,-56,-40,10034,24355.49 ,18756,
HC,20150403,2410,2426,2412,2430,2392,2398,2410,-28,-16,6570,15834.36 ,16678,
HC,20150407,2398,2410,2394,2410,2342,2342,2378,-68,-32,6728,16007.34 ,14100,
HC,20150408,2376,2394,2376,2404,2354,2392,2374,-2,-20,9706,23050.84 ,22790,
HC,20150409,2392,2374,2382,2388,2358,2362,2370,-12,-4,4618,10945.02 ,22972,
HC,20150410,2362,2370,2362,2366,2344,2346,2354,-24,-16,5278,12424.48 ,22758,
HC,20150413,2346,2354,2346,2420,2344,2412,2378,58,24,8930,21237.01 ,23238,
HC,20150414,2412,2378,2412,2424,2390,2406,2404,28,26,8230,19787.65 ,23888,
HC,20150415,2406,2404,2408,2414,2380,2382,2398,-22,-6,7002,16801.55 ,23954,
HC,20150416,2382,2398,2372,2410,2372,2396,2394,-2,-4,7012,16795.93 ,23922,
HC,20150417,2396,2394,2398,2414,2390,2396,2400,2,6,6458,15503.13 ,25024,
HC,20150420,2396,2400,2390,2394,2364,2366,2378,-34,-22,10158,24159.68 ,23054,
HC,20150421,2366,2378,2364,2376,2356,2372,2366,-6,-12,5278,12488.61 ,23038,
HC,20150422,2372,2366,2376,2430,2370,2422,2402,56,36,10954,26311.86 ,22792,
HC,20150423,2422,2402,2424,2436,2408,2434,2424,32,22,15212,36875.83 ,22382,
HC,20150424,2434,2424,2434,2496,2434,2490,2466,66,42,29142,71917.19 ,26170,
HC,20150427,2490,2466,2500,2516,2476,2510,2496,44,30,14874,37141.66 ,26244,
HC,20150428,2510,2496,2512,2532,2492,2498,2513,2,17,19506,49018.97 ,27638,
HC,20150429,2498,2513,2497,2519,2446,2460,2487,-53,-26,17196,42783.42 ,27710,
HC,20150430,2460,2487,2460,2492,2454,2487,2478,0,-9,9826,24351.14 ,27246,
HC,20150504,2487,2478,2493,2545,2486,2532,2521,54,43,17728,44707.38 ,29616,
HC,20150505,2532,2521,2531,2597,2528,2561,2551,40,30,25924,66143.85 ,30904,
HC,20150506,2561,2551,2561,2567,2530,2535,2544,-16,-7,21672,55146.54 ,35384,
HC,20150507,2535,2544,2535,2542,2491,2495,2510,-49,-34,18810,47214.52 ,34228,
HC,20150508,2495,2510,2496,2510,2470,2504,2491,-6,-19,25350,63162.38 ,35700,
HC,20150511,2504,2491,2498,2522,2497,2515,2510,24,19,13742,34503.28 ,36964,
HC,20150512,2515,2510,2510,2522,2485,2486,2500,-24,-10,10898,27245.86 ,36680,
HC,20150513,2486,2500,2490,2506,2481,2487,2493,-13,-7,12658,31559.84 ,37984,
HC,20150514,2487,2493,2487,2492,2452,2471,2467,-22,-26,17216,42482.39 ,38184,
HC,20150515,2471,2467,2470,2477,2460,2471,2469,4,2,10176,25134.09 ,40116,
HC,20150518,2471,2469,2470,2482,2458,2458,2469,-11,0,7740,19113.85 ,41898,
HC,20150519,2458,2469,2452,2455,2434,2443,2446,-26,-23,8968,21941.16 ,41932,
HC,20150520,2443,2446,2435,2443,2407,2412,2420,-34,-26,8984,21747.39 ,39894,
HC,20150521,2412,2420,2417,2448,2412,2439,2430,19,10,9064,22033.00 ,41092,
HC,20150522,2439,2430,2440,2475,2427,2454,2443,24,13,8390,20502.66 ,41600,
HC,20150525,2454,2443,2441,2465,2425,2455,2448,12,5,7734,18935.63 ,40658,
HC,20150526,2455,2448,2453,2490,2441,2464,2472,16,24,12846,31762.91 ,40126,
HC,20150527,2464,2472,2466,2475,2454,2470,2465,-2,-7,5382,13270.76 ,39786,
HC,20150528,2470,2465,2456,2481,2443,2460,2464,-5,-1,8066,19875.98 ,39306,
HC,20150529,2460,2464,2458,2469,2436,2460,2455,-4,-9,7106,17449.41 ,38632,
HC,20150601,2460,2455,2463,2497,2457,2482,2471,27,16,10504,25964.53 ,38122,
HC,20150602,2482,2471,2478,2489,2467,2478,2477,7,6,8700,21558.05 ,38362,
HC,20150603,2478,2477,2477,2481,2460,2460,2471,-17,-6,7776,19214.65 ,36130,
HC,20150604,2460,2471,2451,2463,2447,2459,2454,-12,-17,6344,15568.21 ,35220,
HC,20150605,2459,2454,2462,2466,2432,2448,2447,-6,-7,7982,19534.02 ,32422,
HC,20150608,2448,2447,2447,2447,2431,2440,2438,-7,-9,4472,10906.28 ,32886,
HC,20150609,2440,2438,2436,2460,2436,2449,2449,11,11,4950,12124.56 ,33008,
HC,20150610,2449,2449,2447,2462,2445,2460,2451,11,2,4838,11862.41 ,33322,
HC,20150611,2460,2451,2462,2473,2458,2463,2465,12,14,6904,17022.71 ,33934,
HC,20150612,2463,2465,2461,2465,2392,2401,2427,-64,-38,12314,29895.25 ,34146,
HC,20150615,2401,2427,2391,2416,2380,2383,2396,-44,-31,6712,16084.75 ,33844,
HC,20150616,2383,2396,2377,2390,2346,2348,2369,-48,-27,8488,20109.89 ,32560,
HC,20150617,2348,2369,2346,2353,2315,2319,2328,-50,-41,26048,60654.90 ,37972,
HC,20150618,2319,2328,2327,2345,2320,2336,2333,8,5,10252,23927.76 ,38888,
HC,20150619,2336,2333,2335,2360,2330,2342,2347,9,14,8548,20062.45 ,37546,
HC,20150623,2342,2347,2350,2350,2310,2329,2328,-18,-19,6732,15674.38 ,38934,
HC,20150624,2329,2328,2333,2339,2323,2333,2331,5,3,7172,16721.60 ,40556,
HC,20150625,2333,2331,2335,2336,2294,2296,2313,-35,-18,14946,34572.32 ,44814,
HC,20150626,2296,2313,2280,2312,2280,2288,2297,-25,-16,18380,42222.88 ,48218,
HC,20150629,2288,2297,2290,2301,2264,2269,2281,-28,-16,11526,26297.89 ,45588,
HC,20150630,2269,2281,2267,2267,2180,2220,2219,-61,-62,32072,71182.14 ,42196,
HC,20150701,2220,2219,2215,2223,2202,2204,2211,-15,-8,11004,24337.64 ,42258,
HC,20150702,2204,2211,2192,2206,2176,2197,2190,-14,-21,16658,36495.67 ,40706,
HC,20150703,2197,2190,2199,2235,2192,2207,2215,17,25,16306,36129.65 ,38692,
HC,20150706,2207,2215,2204,2207,2104,2109,2146,-106,-69,27222,58419.09 ,39346,
HC,20150707,2109,2146,2109,2111,2038,2041,2077,-105,-69,36072,74955.90 ,36060,
HC,20150708,2041,2077,2041,2089,1973,1973,2015,-104,-62,34314,69156.70 ,34010,
HC,20150709,1973,2015,1860,2139,1860,2063,2046,48,31,39112,80036.46 ,33956,
HC,20150710,2063,2046,2072,2112,2055,2065,2086,19,40,17354,36201.69 ,36334,
HC,20150713,2065,2086,2042,2078,2004,2030,2045,-56,-41,18590,38029.52 ,35944,
HC,20150714,2030,2045,2040,2055,2015,2032,2037,-13,-8,16060,32715.92 ,37046,
HC,20150715,2032,2037,2036,2044,2010,2015,2025,-22,-12,11732,23758.00 ,36010,
HC,20150716,2015,2025,2015,2055,1993,2022,2021,-3,-4,29020,58671.59 ,32442,
HC,20150717,2022,2021,2023,2034,2015,2030,2025,9,4,8468,17154.14 ,31608,
HC,20150720,2030,2025,2030,2108,2011,2100,2065,75,40,25466,52596.03 ,29970,
HC,20150721,2100,2065,2118,2118,2053,2063,2085,-2,20,15530,32391.28 ,29812,
HC,20150722,2063,2085,2065,2077,2004,2030,2042,-55,-43,14976,30584.43 ,29288,
HC,20150723,2030,2042,2026,2043,2011,2036,2028,-6,-14,9056,18365.64 ,28482,
HC,20150724,2036,2028,2035,2049,2023,2028,2034,0,6,6280,12774.90 ,27888,
HC,20150727,2028,2034,2033,2068,2031,2046,2049,12,15,10396,21308.52 ,27426,
HC,20150728,2083,2087,2067,2105,2060,2077,2080,-10,-7,5290,11006.42 ,30428,
HC,20150729,2077,2080,2080,2108,2079,2096,2094,16,14,7262,15211.80 ,33120,
HC,20150730,2096,2094,2100,2101,2066,2069,2086,-25,-8,5766,12028.41 ,32428,
HC,20150731,2069,2086,2069,2073,2052,2063,2060,-23,-26,10260,21141.72 ,31580,
HC,20150803,2063,2060,2059,2116,2059,2075,2082,15,22,9512,19808.36 ,30348,
HC,20150804,2075,2082,2070,2100,2062,2099,2085,17,3,10466,21827.33 ,29548,
HC,20150805,2099,2085,2105,2111,2091,2107,2101,22,16,9412,19778.86 ,29836,
HC,20150806,2107,2101,2150,2150,2089,2100,2103,-1,2,11934,25101.72 ,29594,
HC,20150807,2100,2103,2098,2099,2067,2080,2083,-23,-20,8160,17002.31 ,28914,
HC,20150810,2080,2083,2075,2087,2060,2076,2071,-7,-12,7838,16238.05 ,28864,
HC,20150811,2076,2071,2075,2091,2070,2072,2081,1,10,9504,19786.30 ,29426,
HC,20150812,2072,2081,2071,2086,2021,2085,2069,4,-12,9662,20000.00 ,29816,
HC,20150813,2085,2069,2089,2116,2085,2094,2097,25,28,14424,30256.69 ,30974,
HC,20150814,2094,2097,2091,2102,2083,2102,2094,5,-3,9058,18969.97 ,31492,
HC,20150817,2102,2094,2106,2112,2076,2076,2092,-18,-2,10172,21288.61 ,31512,
HC,20150818,2076,2092,2076,2085,2072,2075,2077,-17,-15,7172,14902.10 ,31616,
HC,20150819,2075,2077,2072,2076,2049,2052,2059,-25,-18,15570,32073.34 ,35354,
HC,20150820,2052,2059,2056,2064,2030,2036,2042,-23,-17,20654,42195.36 ,41630,
HC,20150821,2036,2042,2041,2047,2030,2035,2038,-7,-4,8438,17203.80 ,42098,
HC,20150824,2035,2038,2032,2080,1936,1941,1985,-97,-53,31652,62853.44 ,40710,
HC,20150825,1941,1985,1934,1975,1920,1942,1949,-43,-36,17552,34217.82 ,39856,
HC,20150826,1942,1949,1961,1979,1948,1948,1962,-1,13,12074,23701.25 ,39852,
HC,20150827,1948,1962,1950,1985,1942,1970,1964,8,2,11564,22713.58 ,41398,
HC,20150828,1970,1964,1971,2008,1967,1978,1984,14,20,17452,34628.17 ,41568,
HC,20150831,1978,1984,1981,1982,1948,1959,1967,-25,-17,15518,30525.98 ,42112,
HC,20150901,1959,1967,1955,1972,1952,1965,1962,-2,-5,12974,25458.43 ,43310,
HC,20150902,1965,1962,1962,1969,1955,1962,1962,0,0,10002,19629.96 ,41756,
HC,20150907,1962,1962,1961,1962,1856,1936,1938,-26,-24,9650,18708.43 ,41608,
HC,20150908,1936,1938,1926,1952,1923,1952,1935,14,-3,12010,23247.85 ,44710,
HC,20150909,1952,1935,1953,1996,1953,1956,1968,21,33,23754,46752.25 ,48216,
HC,20150910,1956,1968,1958,1972,1948,1964,1961,-4,-7,8792,17242.09 ,48302,
HC,20150911,1964,1961,1963,1975,1960,1961,1967,0,6,13922,27389.38 ,48878,
HC,20150914,1961,1967,1958,1962,1942,1943,1951,-24,-16,11024,21510.60 ,48676,
HC,20150915,1943,1951,1940,1943,1916,1919,1933,-32,-18,15992,30914.78 ,52140,
HC,20150916,1919,1933,1920,1947,1919,1941,1933,8,0,14046,27164.70 ,52248,
HC,20150917,1941,1933,1941,1960,1936,1939,1945,6,12,13968,27178.91 ,51028,
HC,20150918,1939,1945,1942,1946,1933,1937,1939,-8,-6,11118,21561.14 ,50778,
HC,20150921,1937,1939,1936,1943,1909,1923,1925,-16,-14,11656,22445.98 ,50524,
HC,20150922,1923,1925,1923,1933,1901,1915,1911,-10,-14,14404,27536.14 ,51722,
HC,20150923,1915,1911,1910,1924,1900,1921,1913,10,2,13688,26194.57 ,51080,
HC,20150924,1921,1913,1920,1933,1910,1916,1918,3,5,8028,15402.17 ,52280,
HC,20150925,1916,1918,1914,1932,1909,1916,1920,-2,2,9044,17370.69 ,51684,
HC,20150928,1916,1920,1910,1910,1881,1884,1896,-36,-24,10350,19633.71 ,51810,
HC,20150929,1884,1896,1873,1889,1852,1864,1868,-32,-28,13840,25859.18 ,49554,
HC,20150930,1864,1868,1865,1872,1852,1853,1862,-15,-6,10814,20138.18 ,47806,
HC,20151008,1853,1862,1869,1880,1840,1853,1863,-9,1,8104,15104.44 ,48012,
HC,20151009,1853,1863,1855,1892,1851,1883,1872,20,9,11890,22269.63 ,48476,
HC,20151012,1883,1872,1889,1900,1866,1881,1884,9,12,12868,24243.79 ,48358,
HC,20151013,1881,1884,1884,1884,1863,1877,1870,-7,-14,11190,20933.82 ,46014,
HC,20151014,1877,1870,1878,1883,1870,1877,1877,7,7,6752,12676.15 ,46336,
HC,20151015,1877,1877,1878,1886,1872,1879,1878,2,1,7514,14116.18 ,47218,
HC,20151016,1879,1878,1879,1880,1865,1870,1870,-8,-8,7166,13406.08 ,47584,
HC,20151019,1870,1870,1868,1872,1842,1846,1855,-24,-15,15564,28877.13 ,49058,
HC,20151020,1846,1855,1846,1855,1843,1850,1848,-5,-7,7500,13864.57 ,48194,
HC,20151021,1850,1848,1850,1859,1800,1854,1848,6,0,9948,18384.77 ,47676,
HC,20151022,1854,1848,1856,1860,1848,1848,1852,0,4,7798,14442.42 ,47472,
HC,20151023,1848,1852,1847,1855,1825,1844,1839,-8,-13,7848,14433.58 ,47636,
HC,20151026,1844,1839,1844,1858,1833,1836,1839,-3,0,7176,13199.94 ,47906,
HC,20151027,1836,1839,1835,1837,1821,1830,1831,-9,-8,7760,14210.64 ,48468,
HC,20151028,1830,1831,1829,1832,1812,1819,1820,-12,-11,6266,11407.57 ,47854,
HC,20151029,1819,1820,1820,1834,1812,1815,1818,-5,-2,6742,12261.03 ,48204,
HC,20151030,1815,1818,1817,1821,1810,1819,1816,1,-2,8326,15125.37 ,46502,
HC,20151102,1819,1816,1822,1828,1814,1818,1820,2,4,7790,14180.85 ,46566,
HC,20151103,1818,1820,1813,1823,1788,1789,1801,-31,-19,11500,20721.28 ,47292,
HC,20151104,1789,1801,1788,1796,1782,1785,1788,-16,-13,10576,18911.15 ,47916,
HC,20151105,1785,1788,1786,1793,1768,1770,1780,-18,-8,14014,24944.99 ,49538,
HC,20151106,1770,1780,1776,1777,1762,1769,1770,-11,-10,18752,33195.27 ,49292,
HC,20151109,1769,1770,1770,1792,1764,1790,1781,20,11,18798,33488.96 ,47238,
HC,20151110,1790,1781,1790,1794,1780,1785,1786,4,5,9494,16958.56 ,46032,
HC,20151111,1785,1786,1785,1786,1768,1771,1773,-15,-13,6618,11740.22 ,45852,
HC,20151112,1771,1773,1773,1779,1763,1776,1770,3,-3,7830,13866.20 ,45734,
HC,20151113,1776,1770,1775,1793,1770,1770,1779,0,9,9530,16958.69 ,45118,
HC,20151116,1770,1779,1768,1786,1765,1775,1777,-4,-2,7202,12800.48 ,46552,
HC,20151117,1775,1777,1774,1781,1772,1780,1777,3,0,7558,13435.15 ,46030,
HC,20151118,1780,1777,1780,1783,1760,1762,1770,-15,-7,12668,22431.22 ,44794,
HC,20151119,1762,1770,1760,1765,1723,1731,1740,-39,-30,14134,24604.61 ,44052,
HC,20151120,1731,1740,1732,1740,1725,1729,1731,-11,-9,6130,10613.35 ,44186,
HC,20151123,1729,1731,1729,1729,1687,1705,1705,-26,-26,14728,25115.47 ,43070,
HC,20151124,1705,1705,1705,1733,1697,1729,1713,24,8,16484,28238.24 ,41932,
HC,20151125,1729,1713,1732,1767,1723,1744,1739,31,26,16912,29416.29 ,36892,
HC,20151126,1744,1739,1736,1774,1732,1745,1749,6,10,14944,26148.15 ,33252,
HC,20151127,1745,1749,1745,1747,1705,1720,1724,-29,-25,10110,17439.41 ,31442,
HC,20151130,1720,1724,1720,1720,1691,1691,1702,-33,-22,8392,14287.89 ,30312,
HC,20151201,1679,1690,1676,1697,1675,1692,1685,2,-5,11662,19657.22 ,35566,
HC,20151202,1692,1685,1690,1735,1688,1730,1721,45,36,21952,37798.08 ,40066,
HC,20151203,1730,1721,1728,1739,1704,1709,1718,-12,-3,11634,19990.64 ,41896,
HC,20151204,1709,1718,1710,1739,1702,1734,1723,16,5,14470,24932.48 ,45178,
HC,20151207,1734,1723,1742,1752,1725,1742,1742,19,19,17498,30486.35 ,49682,
HC,20151208,1742,1742,1739,1743,1724,1727,1729,-15,-13,17004,29411.02 ,51818,
HC,20151209,1727,1729,1725,1739,1721,1731,1730,2,1,11500,19898.73 ,53644,
HC,20151210,1731,1730,1731,1740,1728,1735,1733,5,3,12424,21534.52 ,57304,
HC,20151211,1735,1733,1735,1758,1726,1758,1746,25,13,16750,29250.11 ,58438,
HC,20151214,1758,1746,1756,1792,1750,1792,1777,46,31,26706,47469.84 ,59286,
HC,20151215,1792,1777,1788,1800,1780,1782,1790,5,13,24400,43695.27 ,58866,
HC,20151216,1782,1790,1781,1818,1763,1812,1795,22,5,24314,43657.12 ,63828,
HC,20151217,1812,1795,1815,1852,1808,1830,1831,35,36,47452,86924.94 ,72730,
HC,20151218,1830,1831,1831,1867,1831,1866,1848,35,17,37612,69536.36 ,77496,
HC,20151221,1866,1848,1868,1923,1866,1900,1892,52,44,66762,126363.48 ,78812,
HC,20151222,1900,1892,1913,1914,1850,1871,1873,-21,-19,79894,149664.27 ,79814,
HC,20151223,1871,1873,1870,1872,1835,1849,1853,-24,-20,41192,76364.59 ,79018,
HC,20151224,1849,1853,1850,1886,1850,1865,1869,12,16,43270,80893.61 ,84196,
HC,20151225,1865,1869,1866,1878,1857,1873,1866,4,-3,24924,46527.44 ,84914,
HC,20151228,1873,1866,1869,1879,1852,1868,1863,2,-3,41844,77972.08 ,85850,
HC,20151229,1868,1863,1872,1918,1870,1911,1900,48,37,78496,149167.10 ,90484,
HC,20151230,1911,1900,1913,1944,1906,1932,1929,32,29,76812,148216.38 ,92136,
HC,20151231,1932,1929,1931,1968,1931,1949,1949,20,20,58520,114075.90 ,98412,
HC,20160104,1949,1949,1980,2000,1924,1929,1949,-20,0,51510,100435.14 ,96892,
HC,20160105,1929,1949,1931,1959,1913,1958,1938,9,-11,80708,156489.43 ,101900,
HC,20160106,1958,1938,1958,1960,1930,1935,1942,-3,4,72220,140305.51 ,106728,
HC,20160107,1935,1942,1924,1945,1902,1924,1926,-18,-16,69686,134225.82 ,103416,
HC,20160108,1924,1926,1910,1920,1876,1881,1896,-45,-30,92350,175109.40 ,102436,
HC,20160111,1881,1896,1880,1889,1865,1877,1878,-19,-18,71196,133724.93 ,105040,
HC,20160112,1877,1878,1874,1881,1854,1857,1865,-21,-13,61630,114971.85 ,112408,
HC,20160113,1857,1865,1857,1874,1850,1857,1859,-8,-6,52738,98057.85 ,113248,
HC,20160114,1857,1859,1856,1887,1852,1881,1868,22,9,74838,139811.63 ,125728,
HC,20160115,1881,1868,1880,1911,1875,1898,1899,30,31,101724,193259.21 ,127776,
HC,20160118,1898,1899,1896,1948,1889,1937,1926,38,27,133370,256953.83 ,131710,
HC,20160119,1937,1926,1942,1955,1933,1949,1942,23,16,78206,151917.40 ,139254,
HC,20160120,1949,1942,1950,1952,1921,1929,1934,-13,-8,80174,155120.22 ,140470,
HC,20160121,1929,1934,1932,1936,1916,1923,1925,-11,-9,58738,113078.17 ,145614,
HC,20160122,1923,1925,1923,1960,1922,1934,1941,9,16,93130,180794.79 ,154792,
HC,20160125,1934,1941,1938,1957,1930,1938,1945,-3,4,74648,145232.00 ,157732,
HC,20160126,1938,1945,1941,1947,1931,1945,1938,0,-7,49296,95571.02 ,158764,
HC,20160127,1945,1938,1949,1966,1935,1945,1948,7,10,77464,150905.31 ,172696,
HC,20160128,1945,1948,1946,1946,1895,1898,1920,-50,-28,140860,270586.68 ,183174,
HC,20160129,1898,1920,1895,1919,1890,1909,1907,-11,-13,85502,163114.53 ,180062,
HC,20160201,1909,1907,1911,1945,1910,1924,1929,17,22,90538,174688.60 ,186670,
HC,20160202,1924,1929,1927,1934,1912,1918,1920,-11,-9,71984,138230.25 ,189932,
HC,20160203,1918,1920,1919,1935,1911,1923,1922,3,2,73464,141202.52 ,194138,
HC,20160204,1923,1922,1924,1965,1922,1964,1942,42,20,82444,160152.50 ,196248,
HC,20160205,1964,1942,1963,1972,1927,1944,1946,2,4,52174,101579.31 ,195606,
HC,20160215,1944,1946,1946,1971,1932,1956,1958,10,12,39426,77224.87 ,202266,
HC,20160216,1956,1958,1955,1986,1955,1969,1969,11,11,69362,136589.14 ,212284,
HC,20160217,1969,1969,1965,1975,1955,1961,1964,-8,-5,53598,105291.69 ,212702,
HC,20160218,1961,1964,1964,1978,1957,1975,1968,11,4,53038,104400.54 ,215850,
HC,20160219,1975,1968,1976,1999,1970,1992,1984,24,16,83832,166376.77 ,217452,
HC,20160222,1992,1984,1992,2083,1990,2083,2036,99,52,181082,368824.69 ,218462,
HC,20160223,2083,2036,2080,2100,2047,2058,2072,22,36,188830,391374.49 ,220036,
HC,20160224,2058,2072,2058,2064,2039,2063,2052,-9,-20,110660,227102.93 ,225550,
HC,20160225,2063,2052,2063,2082,2045,2053,2065,1,13,124932,258060.58 ,223186,
HC,20160226,2053,2065,2060,2069,2029,2059,2045,-6,-20,121614,248797.78 ,221482,
HC,20160229,2059,2045,2056,2089,2044,2089,2065,44,20,156600,323492.60 ,224294,
HC,20160301,2089,2065,2090,2127,2078,2109,2097,44,32,158854,333154.20 ,228190,
HC,20160302,2109,2097,2114,2123,2087,2110,2106,13,9,135396,285255.69 ,230744,
HC,20160303,2110,2106,2110,2140,2110,2127,2126,21,20,165558,351994.49 ,199484,
HC,20160304,2127,2126,2122,2175,2119,2174,2149,48,23,216552,465475.80 ,199580,
HC,20160307,2174,2149,2172,2256,2172,2256,2213,107,64,108544,240273.96 ,186520,
HC,20160308,2256,2213,2390,2390,2249,2390,2344,177,131,314062,736274.33 ,144152,
HC,20160309,2390,2344,2370,2377,2171,2218,2240,-126,-104,438188,981748.19 ,144356,
HC,20160310,2218,2240,2230,2352,2220,2269,2288,29,48,456430,1044351.23 ,163828,
HC,20160311,2269,2288,2268,2290,2230,2235,2256,-53,-32,205586,463984.73 ,151078,
HC,20160314,2235,2256,2190,2308,2184,2200,2241,-56,-15,233100,522491.41 ,146250,
HC,20160315,2200,2241,2195,2218,2145,2160,2183,-81,-58,255194,557179.48 ,160750,
HC,20160316,2160,2183,2156,2185,2150,2181,2169,-2,-14,155088,336484.65 ,163578,
HC,20160317,2181,2169,2190,2268,2183,2263,2232,94,63,255534,570489.39 ,144962,
HC,20160318,2263,2232,2263,2343,2263,2322,2309,90,77,307508,710099.66 ,140490,
HC,20160321,2322,2309,2325,2410,2304,2359,2348,50,39,333186,782394.99 ,146484,
HC,20160322,2359,2348,2369,2385,2348,2357,2364,9,16,174724,413193.24 ,145286,
HC,20160323,2357,2364,2355,2428,2340,2401,2393,37,29,242140,579458.64 ,144338,
HC,20160324,2401,2393,2403,2411,2308,2327,2354,-66,-39,315896,743685.85 ,134336,
HC,20160325,2327,2354,2323,2410,2321,2410,2363,56,9,239726,566665.16 ,132500,
HC,20160328,2410,2363,2412,2440,2342,2346,2405,-17,42,283614,682102.77 ,122912,
HC,20160329,2346,2405,2359,2392,2352,2376,2370,-29,-35,244942,580594.37 ,119930,
HC,20160330,2376,2370,2370,2386,2331,2343,2352,-27,-18,226506,532910.27 ,116374,
HC,20160331,2343,2352,2348,2389,2338,2389,2359,37,7,176470,416374.46 ,114976,
HC,20160401,2389,2359,2385,2493,2385,2483,2433,124,74,296916,722477.27 ,125028,
HC,20160405,2483,2433,2500,2540,2452,2530,2503,97,70,234958,588252.24 ,137476,
HC,20160406,2530,2503,2530,2558,2496,2505,2520,2,17,291954,735945.28 ,129538,
HC,20160407,2505,2520,2506,2560,2498,2546,2521,26,1,214626,541213.28 ,138700,
HC,20160408,2546,2521,2532,2587,2530,2574,2566,53,45,366056,939445.66 ,156506,
HC,20160411,2574,2566,2581,2714,2580,2681,2641,115,75,357690,944834.52 ,123258,
HC,20160412,2681,2641,2680,2720,2660,2719,2686,78,45,218380,586629.81 ,103970,
HC,20160413,2556,2501,2550,2640,2524,2558,2567,57,66,530680,1362460.88 ,128586,
HC,20160414,2558,2567,2558,2567,2491,2508,2536,-59,-31,357796,907416.76 ,118634,
HC,20160415,2508,2536,2514,2518,2471,2478,2493,-58,-43,348210,868137.09 ,117090,
HC,20160418,2478,2493,2476,2611,2459,2581,2547,88,54,426286,1085986.00 ,132994,
HC,20160419,2581,2547,2601,2699,2585,2699,2663,152,116,651134,1734060.73 ,194160,
HC,20160420,2699,2663,2720,2858,2716,2833,2792,170,129,1079532,3014851.20 ,168910,
HC,20160421,2833,2792,2830,2959,2803,2954,2892,162,100,1228096,3551901.32 ,146848,
HC,20160422,2954,2892,2940,2941,2796,2817,2855,-75,-37,875484,2499641.07 ,125618,
HC,20160425,2817,2855,2800,2969,2780,2831,2857,-24,2,538120,1537580.96 ,115960,
HC,20160426,2831,2857,2831,2831,2685,2685,2760,-172,-97,452874,1250282.62 ,130494,
HC,20160427,2685,2760,2700,2709,2594,2632,2650,-128,-110,612324,1622927.35 ,141004,
HC,20160428,2632,2650,2633,2699,2600,2692,2658,42,8,513652,1365293.90 ,137404,
HC,20160429,2692,2658,2696,2765,2691,2731,2737,73,79,456480,1249479.87 ,140666,
HC,20160503,2731,2737,2714,2714,2572,2574,2601,-163,-136,338830,881485.79 ,156046,
HC,20160504,2574,2601,2562,2578,2501,2524,2540,-77,-61,394220,1001704.55 ,173856,
HC,20160505,2524,2540,2535,2560,2450,2458,2506,-82,-34,342334,857988.80 ,172300,
HC,20160506,2458,2506,2455,2496,2412,2493,2456,-13,-50,316368,777013.12 ,164704,
HC,20160509,2493,2456,2500,2517,2308,2308,2405,-148,-51,378212,909817.51 ,157642,
HC,20160510,2308,2405,2253,2325,2235,2303,2274,-102,-131,401014,912086.47 ,155928,
HC,20160511,2303,2274,2310,2337,2267,2304,2307,30,33,344588,795041.57 ,162940,
HC,20160512,2304,2307,2315,2317,2236,2236,2287,-71,-20,241932,553471.20 ,173602,
HC,20160513,2236,2287,2220,2239,2155,2195,2198,-92,-89,342292,752381.76 ,189070,
HC,20160516,2195,2198,2199,2280,2171,2245,2235,47,37,408336,912694.83 ,195776,
HC,20160517,2245,2235,2245,2316,2225,2312,2267,77,32,304972,691651.76 ,199732,
HC,20160518,2312,2267,2312,2322,2205,2244,2273,-23,6,402000,914030.21 ,189400,
HC,20160519,2244,2273,2242,2262,2209,2231,2231,-42,-42,251872,562161.21 ,192920,
HC,20160520,2231,2231,2226,2265,2204,2255,2242,24,11,241494,541464.66 ,205386,
HC,20160523,2255,2242,2255,2270,2107,2123,2162,-119,-80,340820,737070.25 ,215838,
HC,20160524,2123,2162,2123,2167,2100,2153,2129,-9,-33,260288,554268.03 ,222486,
HC,20160525,2153,2129,2164,2174,2099,2105,2136,-24,7,239486,511571.82 ,229280,
HC,20160526,2105,2136,2101,2155,2092,2153,2132,17,-4,263222,561202.12 ,241200,
HC,20160527,2153,2132,2160,2259,2141,2259,2201,127,69,610384,1343896.23 ,297014,
HC,20160530,2259,2201,2264,2283,2107,2230,2224,29,23,695362,1547169.46 ,317230,
HC,20160531,2230,2224,2241,2255,2196,2201,2229,-23,5,329512,734757.12 ,316684,
HC,20160601,2201,2229,2200,2200,2146,2167,2168,-62,-61,408586,886207.88 ,322430,
HC,20160602,2167,2168,2159,2195,2150,2153,2171,-15,3,375976,816263.36 ,341994,
HC,20160603,2153,2171,2150,2201,2148,2176,2176,5,5,272958,594160.72 ,338130,
HC,20160606,2176,2176,2183,2275,2170,2256,2222,80,46,404826,899559.29 ,326652,
HC,20160607,2256,2222,2271,2305,2241,2284,2277,62,55,304636,693958.39 ,318094,
HC,20160608,2284,2277,2272,2325,2238,2300,2290,23,13,398328,912278.33 ,321760,
HC,20160613,2300,2290,2295,2379,2285,2336,2345,46,55,273100,640647.83 ,304466,
HC,20160614,2336,2345,2336,2358,2255,2256,2306,-89,-39,343294,791911.14 ,291258,
HC,20160615,2256,2306,2240,2285,2227,2251,2257,-55,-49,265168,598670.86 ,294214,
HC,20160616,2251,2257,2263,2316,2250,2252,2273,-5,16,315552,717451.04 ,287968,
HC,20160617,2252,2273,2242,2265,2197,2261,2232,-12,-41,306464,684313.11 ,288224,
HC,20160620,2261,2232,2256,2282,2226,2237,2253,5,21,242624,546698.30 ,289106,
HC,20160621,2237,2253,2238,2298,2221,2260,2264,7,11,280246,634631.88 ,279162,
HC,20160622,2260,2264,2255,2322,2250,2314,2296,50,32,305954,702739.18 ,270942,
HC,20160623,2314,2296,2308,2330,2294,2307,2312,11,16,194788,450445.19 ,266972,
HC,20160624,2307,2312,2319,2347,2262,2297,2310,-15,-2,301382,696262.23 ,270152,
HC,20160627,2297,2310,2301,2448,2291,2448,2382,138,72,393408,937485.33 ,290168,
HC,20160628,2448,2382,2460,2469,2405,2443,2441,61,59,248790,607400.65 ,273100,
HC,20160629,2443,2441,2449,2465,2400,2409,2429,-32,-12,259648,630691.11 ,273428,
HC,20160630,2409,2429,2400,2510,2400,2502,2467,73,38,333834,823862.22 ,278650,
HC,20160701,2502,2467,2504,2539,2460,2509,2500,42,33,255002,637748.60 ,277342,
HC,20160704,2509,2500,2501,2610,2501,2566,2562,66,62,366328,938748.87 ,268228,
HC,20160705,2566,2562,2590,2596,2435,2530,2519,-32,-43,362556,913401.15 ,246572,
HC,20160706,2530,2519,2528,2556,2452,2518,2504,-1,-15,331648,830697.16 ,237664,
HC,20160707,2518,2504,2503,2634,2492,2557,2572,53,68,610320,1569814.51 ,261338,
HC,20160708,2557,2572,2560,2597,2510,2594,2557,22,-15,429176,1097629.20 ,248820,
HC,20160711,2594,2557,2635,2649,2515,2589,2580,32,23,320672,827399.96 ,248352,
HC,20160712,2589,2580,2595,2712,2574,2699,2648,119,68,382354,1012595.43 ,258168,
HC,20160713,2699,2648,2701,2745,2656,2664,2699,16,51,318646,860082.25 ,243354,
HC,20160714,2664,2699,2668,2689,2612,2659,2648,-40,-51,272784,722561.53 ,235254,
HC,20160715,2659,2648,2659,2700,2622,2661,2655,13,7,262976,698302.40 ,234062,
HC,20160718,2661,2655,2668,2672,2495,2495,2566,-160,-89,369384,947920.79 ,237720,
HC,20160719,2495,2566,2471,2490,2396,2430,2449,-136,-117,340920,835180.92 ,228862,
HC,20160720,2430,2449,2431,2486,2427,2463,2452,14,3,255380,626273.96 ,225398,
HC,20160721,2463,2452,2457,2599,2434,2572,2524,120,72,495956,1252188.92 ,214594,
HC,20160722,2572,2524,2580,2580,2485,2495,2530,-29,6,366642,927849.96 ,216572,
HC,20160725,2495,2530,2491,2586,2469,2557,2538,27,8,449156,1140173.68 ,224154,
HC,20160726,2557,2538,2548,2606,2526,2604,2559,66,21,348164,891285.59 ,247618,
HC,20160727,2604,2559,2607,2670,2576,2623,2623,64,64,595522,1562086.04 ,256994,
HC,20160728,2623,2623,2631,2684,2615,2674,2655,51,32,465800,1236733.92 ,256152,
HC,20160729,2674,2655,2670,2681,2575,2599,2630,-56,-25,331492,872048.67 ,248260,
HC,20160801,2599,2630,2605,2719,2572,2700,2665,70,35,416658,1110686.63 ,258744,
HC,20160802,2700,2665,2708,2708,2665,2689,2686,24,21,266464,715846.68 ,256042,
HC,20160803,2689,2686,2690,2700,2644,2673,2669,-13,-17,274098,731711.53 ,258462,
HC,20160804,2673,2669,2670,2686,2590,2626,2635,-43,-34,352206,928102.64 ,248502,
HC,20160805,2626,2635,2626,2718,2622,2710,2683,75,48,285414,765807.67 ,248914,
HC,20160808,2710,2683,2710,2800,2690,2787,2756,104,73,367034,1011832.60 ,247228,
HC,20160809,2787,2756,2779,2809,2714,2752,2763,-4,7,273772,756650.20 ,236108,
HC,20160810,2752,2763,2749,2799,2727,2754,2754,-9,-9,238268,656235.49 ,232806,
HC,20160811,2754,2754,2759,2772,2701,2760,2738,6,-16,274784,752485.04 ,224866,
HC,20160812,2760,2738,2758,2765,2723,2747,2748,9,10,172990,475498.62 ,223284,
HC,20160815,2747,2748,2730,2755,2677,2733,2719,-15,-29,273986,745130.37 ,204708,
HC,20160816,2733,2719,2730,2865,2730,2817,2808,98,89,307434,863330.67 ,227822,
HC,20160817,2817,2808,2825,2854,2787,2790,2819,-18,11,235952,665212.51 ,239192,
HC,20160818,2790,2819,2782,2830,2763,2793,2793,-26,-26,254254,710196.26 ,231804,
HC,20160819,2793,2793,2804,2805,2741,2786,2772,-7,-21,228966,634874.69 ,221538,
HC,20160822,2786,2772,2795,2813,2769,2776,2786,4,14,215720,601106.11 ,221486,
HC,20160823,2776,2786,2790,2863,2762,2839,2825,53,39,290494,820828.59 ,248302,
HC,20160824,2839,2825,2843,2848,2817,2825,2831,0,6,138664,392669.74 ,237146,
HC,20160825,2825,2831,2840,2889,2752,2823,2813,-8,-18,271562,764039.55 ,212880,
HC,20160826,2823,2813,2808,2845,2784,2784,2811,-29,-2,167108,469828.50 ,198730,
HC,20160829,2784,2811,2788,2837,2735,2830,2797,19,-14,293080,819821.63 ,192616,
HC,20160830,2830,2797,2830,2848,2778,2780,2816,-17,19,196924,554685.29 ,180330,
HC,20160831,2780,2816,2780,2825,2725,2734,2784,-82,-32,203890,567693.87 ,171044,
HC,20160901,2618,2659,2620,2652,2595,2633,2626,-26,-33,134564,353484.13 ,191024,
HC,20160902,2633,2626,2639,2697,2620,2652,2662,26,36,153236,408059.03 ,199096,
HC,20160905,2652,2662,2660,2709,2657,2668,2685,6,23,190432,511312.46 ,222250,
HC,20160906,2668,2685,2670,2695,2630,2643,2659,-42,-26,221312,588608.51 ,238444,
HC,20160907,2643,2659,2643,2652,2552,2560,2590,-99,-69,321932,834044.34 ,257910,
HC,20160908,2560,2590,2563,2612,2558,2587,2584,-3,-6,251606,650209.51 ,288830,
HC,20160909,2587,2584,2583,2609,2560,2595,2585,11,1,258526,668375.92 ,304386,
HC,20160912,2595,2585,2599,2610,2528,2542,2557,-43,-28,275138,703743.46 ,321698,
HC,20160913,2542,2557,2540,2582,2521,2534,2548,-23,-9,256114,652642.11 ,340716,
HC,20160914,2534,2548,2545,2570,2520,2552,2548,4,0,225038,573618.95 ,351370,
HC,20160919,2552,2548,2500,2557,2495,2540,2536,-8,-12,183252,464814.39 ,360354,
HC,20160920,2540,2536,2543,2566,2517,2548,2544,12,8,281340,715966.26 ,362586,
HC,20160921,2548,2544,2548,2561,2518,2530,2536,-14,-8,279452,708911.40 ,377130,
HC,20160922,2530,2536,2530,2602,2526,2567,2569,31,33,344996,886583.25 ,359680,
HC,20160923,2567,2569,2579,2606,2565,2604,2590,35,21,262538,680172.79 ,354666,
HC,20160926,2604,2590,2610,2645,2600,2619,2618,29,28,223820,586119.47 ,345648,
HC,20160927,2619,2618,2623,2623,2545,2570,2575,-48,-43,236220,608283.69 ,335698,
HC,20160928,2570,2575,2568,2588,2552,2585,2573,10,-2,176884,455185.58 ,320682,
HC,20160929,2585,2573,2585,2638,2563,2565,2608,-8,35,287658,750295.42 ,291008,
HC,20160930,2565,2608,2578,2581,2532,2541,2551,-67,-57,200178,510757.50 ,286978,
HC,20161010,2541,2551,2571,2579,2510,2568,2543,17,-8,168742,429207.74 ,292552,
HC,20161011,2568,2543,2577,2675,2570,2675,2630,132,87,387132,1018523.32 ,288628,
HC,20161012,2675,2630,2674,2725,2659,2711,2694,81,64,407320,1097591.36 ,317250,
HC,20161013,2711,2694,2715,2725,2668,2696,2691,2,-3,273250,735519.55 ,311192,
HC,20161014,2696,2691,2690,2742,2684,2718,2716,27,25,312846,849933.62 ,333524,
HC,20161017,2718,2716,2711,2751,2700,2738,2727,22,11,290120,791211.02 ,327518,
HC,20161018,2738,2727,2740,2744,2695,2729,2716,2,-11,236576,642674.07 ,312950,
HC,20161019,2729,2716,2729,2828,2729,2756,2780,40,64,486084,1351647.37 ,334938,
HC,20161020,2756,2780,2744,2817,2741,2806,2786,26,6,273316,761515.39 ,352278,
HC,20161021,2806,2786,2817,2850,2750,2791,2782,5,-4,267808,745111.53 ,334396,
HC,20161024,2791,2782,2791,2811,2752,2806,2780,24,-2,228558,635424.57 ,337210,
HC,20161025,2806,2780,2810,2904,2806,2884,2864,104,84,431268,1235301.51 ,352306,
HC,20161026,2884,2864,2895,2915,2828,2854,2865,-10,1,329622,944556.07 ,325828,
HC,20161027,2854,2865,2858,2891,2818,2849,2856,-16,-9,259682,741765.02 ,325682,
HC,20161028,2849,2856,2853,2919,2841,2909,2883,53,27,262618,757181.75 ,335516,
HC,20161031,2909,2883,2911,2990,2880,2969,2930,86,47,413880,1212914.93 ,340672,
HC,20161101,2969,2930,2970,3079,2933,3035,3012,105,82,502962,1515002.45 ,351658,
HC,20161102,3035,3012,3048,3126,3045,3064,3083,52,71,632204,1949179.68 ,360150,
HC,20161103,3064,3083,3076,3122,3052,3119,3091,36,8,450992,1394089.50 ,375202,
HC,20161104,3119,3091,3129,3156,3099,3125,3129,34,38,507628,1588475.44 ,344172,
HC,20161107,3125,3129,3148,3316,3091,3284,3207,155,78,677430,2173189.60 ,336204,
HC,20161108,3284,3207,3290,3314,3165,3220,3245,13,38,469296,1522881.12 ,298290,
HC,20161109,3220,3245,3251,3413,3208,3387,3326,142,81,568466,1891272.23 ,300634,
HC,20161110,3387,3326,3380,3515,3301,3346,3390,20,64,723924,2454152.05 ,255214,
HC,20161111,3346,3390,3346,3496,3322,3480,3402,90,12,477708,1625497.04 ,246744,
HC,20161114,3480,3402,3480,3596,3290,3350,3423,-52,21,590554,2021968.45 ,213856,
HC,20161115,3350,3423,3350,3405,3217,3217,3324,-206,-99,355662,1182310.23 ,216874,
HC,20161116,3217,3324,3200,3229,3100,3205,3176,-119,-148,456442,1449776.16 ,206714,
HC,20161117,3205,3176,3209,3236,3136,3218,3185,42,9,358728,1142786.27 ,208280,
HC,20161118,3218,3185,3222,3253,3150,3179,3189,-6,4,366340,1168292.99 ,208320,
HC,20161121,3179,3189,3181,3207,3079,3151,3153,-38,-36,351248,1107552.85 ,199726,
HC,20161122,3151,3153,3151,3342,3151,3342,3265,189,112,408406,1333457.59 ,196576,
HC,20161123,3342,3265,3353,3453,3343,3424,3394,159,129,484316,1643852.14 ,191002,
HC,20161124,3424,3394,3415,3489,3336,3399,3416,5,22,453070,1547962.67 ,175162,
HC,20161125,3399,3416,3395,3606,3371,3551,3499,135,83,450090,1575142.89 ,167352,
HC,20161128,3551,3499,3550,3689,3491,3620,3566,121,67,406308,1449298.16 ,149244,
HC,20161129,3620,3566,3597,3649,3411,3413,3544,-153,-22,367302,1301746.47 ,122968,
HC,20161130,3358,3492,3362,3374,3247,3247,3307,-245,-185,150820,498826.78 ,152200,
HC,20161201,3247,3307,3260,3550,3248,3513,3419,206,112,430722,1472949.85 ,170160,
HC,20161202,3513,3419,3525,3558,3385,3494,3473,75,54,657320,2283452.93 ,208186,
HC,20161205,3494,3473,3488,3625,3436,3583,3532,110,59,784556,2771794.37 ,262754,
HC,20161206,3583,3532,3600,3674,3570,3642,3632,110,100,732954,2662593.19 ,309866,
HC,20161207,3642,3632,3640,3850,3636,3751,3750,119,118,855854,3209854.23 ,365838,
HC,20161208,3751,3750,3752,3799,3654,3760,3730,10,-20,834850,3114188.21 ,362772,
HC,20161209,3760,3730,3770,3795,3591,3740,3695,10,-35,905754,3347245.78 ,364004,
HC,20161212,3740,3695,3755,3898,3696,3770,3797,75,102,637124,2419708.42 ,343524,
HC,20161213,3770,3797,3778,3837,3744,3822,3798,25,1,358662,1362323.27 ,340284,
HC,20161214,3822,3798,3835,3835,3676,3722,3747,-76,-51,402062,1506541.04 ,345432,
HC,20161215,3722,3747,3725,3805,3655,3787,3733,40,-14,390816,1458985.56 ,351358,
HC,20161216,3787,3733,3767,3770,3676,3676,3733,-57,0,297762,1111799.24 ,351338,
HC,20161219,3676,3733,3666,3695,3551,3556,3633,-177,-100,379326,1378409.36 ,340602,
HC,20161220,3556,3633,3549,3600,3511,3574,3555,-59,-78,309776,1101537.73 ,332926,
HC,20161221,3574,3555,3583,3623,3512,3588,3578,33,23,325224,1163865.16 ,355950,
HC,20161222,3588,3578,3590,3595,3410,3415,3505,-163,-73,355852,1247316.70 ,351524,
HC,20161223,3415,3505,3405,3464,3353,3385,3406,-120,-99,340162,1158617.70 ,345736,
HC,20161226,3385,3406,3385,3415,3220,3299,3307,-107,-99,416016,1376165.74 ,333464,
HC,20161227,3299,3307,3302,3400,3261,3391,3328,84,21,322420,1073285.18 ,333126,
HC,20161228,3391,3328,3398,3479,3361,3405,3424,77,96,349140,1195562.50 ,334692,
HC,20161229,3405,3424,3407,3424,3320,3352,3370,-72,-54,324334,1093193.89 ,342594,
HC,20161230,3352,3370,3351,3392,3283,3305,3329,-65,-41,274602,914153.69 ,354172,
HC,20170103,3305,3329,3309,3401,3285,3298,3353,-31,24,251094,842010.70 ,365012,
HC,20170104,3298,3353,3305,3388,3263,3370,3329,17,-24,359388,1196652.81 ,376186,
HC,20170105,3370,3329,3370,3420,3334,3358,3377,29,48,305690,1032535.02 ,368132,
HC,20170106,3358,3377,3360,3378,3256,3273,3325,-104,-52,427108,1420416.68 ,403038,
HC,20170109,3273,3325,3275,3465,3250,3449,3329,124,4,361934,1205239.27 ,369388,
HC,20170110,3449,3329,3446,3562,3415,3562,3486,233,157,355268,1238515.49 ,370682,
HC,20170111,3562,3486,3566,3595,3501,3569,3564,83,78,258764,922369.97 ,352188,
HC,20170112,3569,3564,3546,3658,3542,3592,3604,28,40,300084,1081723.83 ,360734,
HC,20170113,3592,3604,3595,3627,3531,3566,3577,-38,-27,278424,996143.15 ,355414,
HC,20170116,3566,3577,3566,3778,3550,3721,3689,144,112,344330,1270243.27 ,371840,
HC,20170117,3721,3689,3730,3758,3575,3629,3664,-60,-25,298790,1094876.59 ,336686,
HC,20170118,3629,3664,3637,3709,3597,3622,3638,-42,-26,244624,890163.95 ,339220,
HC,20170119,3622,3638,3612,3635,3503,3551,3552,-87,-86,394556,1401851.10 ,353554,
HC,20170120,3551,3552,3530,3588,3451,3452,3526,-100,-26,262572,925969.08 ,348554,
HC,20170123,3452,3526,3430,3505,3420,3462,3461,-64,-65,216014,747727.25 ,338214,
HC,20170124,3462,3461,3446,3631,3446,3585,3555,124,94,280846,998413.70 ,326030,
HC,20170125,3585,3555,3612,3612,3527,3600,3575,45,20,172702,617421.02 ,294494,
HC,20170126,3600,3575,3600,3675,3591,3660,3643,85,68,192214,700281.06 ,295062,
HC,20170203,3660,3643,3656,3656,3353,3382,3447,-261,-196,256076,882872.57 ,327960,
HC,20170206,3382,3447,3350,3410,3340,3385,3382,-62,-65,233126,788481.08 ,334514,
HC,20170207,3385,3382,3390,3485,3378,3469,3437,87,55,272670,937314.78 ,337782,
HC,20170208,3469,3437,3460,3544,3430,3533,3496,96,59,240222,839919.57 ,328120,
HC,20170209,3533,3496,3511,3575,3485,3489,3535,-7,39,238866,844439.34 ,335576,
HC,20170210,3489,3535,3480,3684,3464,3620,3576,85,41,403074,1441394.07 ,340464,
HC,20170213,3620,3576,3639,3734,3623,3730,3685,154,109,250520,923288.59 ,331914,
HC,20170214,3730,3685,3734,3750,3670,3728,3708,43,23,175802,651951.86 ,323006,
HC,20170215,3728,3708,3724,3742,3651,3677,3698,-31,-10,240880,890832.82 ,331776,
HC,20170216,3677,3698,3671,3788,3628,3653,3701,-45,3,346670,1283141.02 ,335784,
HC,20170217,3653,3701,3653,3755,3653,3741,3718,40,17,261706,973189.51 ,326020,
HC,20170220,3741,3718,3756,3795,3708,3762,3752,44,34,323244,1212935.03 ,330732,
HC,20170221,3762,3752,3773,3844,3759,3780,3796,28,44,278712,1058157.15 ,316522,
HC,20170222,3780,3796,3777,3792,3647,3679,3706,-117,-90,362494,1343509.59 ,352808,
HC,20170223,3679,3706,3666,3708,3581,3608,3653,-98,-53,328150,1199051.98 ,348952,
HC,20170224,3608,3653,3620,3641,3470,3591,3549,-62,-104,481646,1709817.42 ,368580,
HC,20170227,3591,3549,3595,3755,3576,3728,3683,179,134,391194,1440850.02 ,325158,
HC,20170228,3728,3683,3732,3732,3545,3549,3661,-134,-22,406384,1487807.50 ,361478,
HC,20170301,3549,3661,3551,3641,3549,3594,3588,-67,-73,402018,1442682.68 ,365252,
HC,20170302,3594,3588,3599,3628,3555,3579,3588,-9,0,383166,1374977.60 ,395852,
HC,20170303,3579,3588,3585,3586,3450,3573,3514,-15,-74,464134,1631389.35 ,432894,
HC,20170306,3573,3514,3573,3585,3431,3467,3494,-47,-20,567930,1984664.04 ,467692,
HC,20170307,3467,3494,3449,3500,3443,3478,3469,-16,-25,299012,1037424.56 ,429816,
HC,20170308,3478,3469,3478,3487,3402,3423,3446,-46,-23,355630,1225570.15 ,448244,
HC,20170309,3423,3446,3420,3427,3330,3372,3375,-74,-71,327586,1105920.17 ,424992,
HC,20170310,3372,3375,3361,3468,3361,3423,3423,48,48,435588,1491273.55 ,421022,
HC,20170313,3423,3423,3426,3580,3385,3570,3467,147,44,483696,1677238.44 ,416442,
HC,20170314,3570,3467,3570,3580,3501,3538,3539,71,72,288230,1020202.58 ,388456,
HC,20170315,3538,3539,3520,3640,3505,3596,3577,57,38,387062,1384662.67 ,403590,
HC,20170316,3596,3577,3597,3630,3519,3578,3567,1,-10,303120,1081484.55 ,403758,
HC,20170317,3578,3567,3570,3608,3515,3542,3560,-25,-7,303828,1081767.36 ,394460,
HC,20170320,3542,3560,3545,3613,3520,3533,3565,-27,5,305920,1090868.55 ,412998,
HC,20170321,3533,3565,3525,3535,3440,3453,3487,-112,-78,344718,1202172.81 ,369824,
HC,20170322,3453,3487,3440,3453,3340,3358,3395,-129,-92,279036,947557.08 ,372700,
HC,20170323,3358,3395,3361,3406,3344,3346,3375,-49,-20,193634,653654.30 ,356542,
HC,20170324,3346,3375,3350,3401,3298,3353,3355,-22,-20,277550,931343.60 ,362340,
HC,20170327,3353,3355,3349,3352,3156,3229,3243,-126,-112,272434,883656.51 ,331198,
HC,20170328,3095,3094,3107,3150,3076,3086,3110,-8,16,270274,840677.68 ,364132,
HC,20170329,3086,3110,3090,3238,3090,3213,3176,103,66,409058,1299349.26 ,386276,
HC,20170330,3213,3176,3202,3242,3170,3191,3202,15,26,345988,1108156.57 ,398342,
HC,20170331,3191,3202,3186,3260,3135,3165,3193,-37,-9,496612,1586151.63 ,440240,
HC,20170405,3165,3193,3200,3258,3158,3170,3215,-23,22,512032,1646359.02 ,504066,
HC,20170406,3170,3215,3174,3212,3124,3161,3162,-54,-53,664754,2102190.09 ,521058,
HC,20170407,3161,3162,3152,3153,3027,3078,3083,-84,-79,651634,2009283.68 ,492014,
HC,20170410,3078,3083,3075,3114,3049,3068,3078,-15,-5,538834,1658593.76 ,488768,
HC,20170411,3068,3078,3042,3077,3010,3030,3041,-48,-37,476812,1450022.01 ,494244,
HC,20170412,3030,3041,3023,3031,2903,2913,2954,-128,-87,615742,1819223.07 ,557624,
HC,20170413,2913,2954,2910,2992,2892,2954,2955,0,1,595990,1761331.66 ,574770,
HC,20170414,2954,2955,2960,3044,2957,2984,2995,29,40,614394,1840303.94 ,564622,
HC,20170417,2984,2995,2987,3039,2930,2973,2984,-22,-11,490074,1462670.39 ,555732,
HC,20170418,2973,2984,2970,2982,2870,2881,2917,-103,-67,454320,1325421.44 ,557234,
HC,20170419,2881,2917,2880,2926,2870,2893,2897,-24,-20,419262,1214671.26 ,568372,
HC,20170420,2893,2897,2895,2950,2801,2930,2875,33,-22,746814,2147637.82 ,575326,
HC,20170421,2930,2875,2935,2996,2900,2961,2950,86,75,632568,1866192.75 ,583550,
HC,20170424,2961,2950,2961,2967,2881,2956,2923,6,-27,545150,1593536.00 ,591016,
HC,20170425,2956,2923,2950,3012,2932,2992,2974,69,51,621878,1849984.35 ,620160,
HC,20170426,2992,2974,2984,3085,2973,3020,3025,46,51,573256,1734353.60 ,603526,
HC,20170427,3020,3025,3016,3063,3001,3063,3029,38,4,421662,1277476.37 ,602756,
HC,20170428,3063,3029,3060,3151,3060,3149,3107,120,78,627606,1950506.07 ,618898,
HC,20170502,3149,3107,3175,3196,3118,3142,3152,35,45,460484,1451592.46 ,641856,
HC,20170503,3142,3152,3148,3150,3081,3112,3109,-40,-43,642470,1997925.09 ,672308,
HC,20170504,3112,3109,3088,3096,2891,2891,2984,-218,-125,991184,2958417.63 ,683832,
HC,20170505,2891,2984,2904,2915,2845,2887,2889,-97,-95,737544,2131148.30 ,677278,
HC,20170508,2887,2889,2905,2983,2881,2931,2925,42,36,924352,2703739.79 ,688888,
HC,20170509,2931,2925,2925,2935,2861,2895,2898,-30,-27,738742,2141409.90 ,710092,
HC,20170510,2895,2898,2894,2952,2885,2930,2919,32,21,852552,2488652.03 ,672418,
HC,20170511,2930,2919,2935,2969,2855,2952,2915,33,-4,1111342,3239935.55 ,625132,
HC,20170512,2952,2915,2952,2956,2839,2840,2887,-75,-28,891972,2575629.09 ,678120,
HC,20170515,2840,2887,2852,2956,2844,2916,2900,29,13,788564,2287517.71 ,625696,
HC,20170516,2916,2900,2927,2932,2877,2916,2902,16,2,560054,1625709.03 ,622310,
HC,20170517,2916,2902,2916,3050,2915,3037,2997,135,95,978424,2932665.73 ,647068,
HC,20170518,3037,2997,3044,3065,2998,3048,3034,51,37,641014,1945157.52 ,632224,
HC,20170519,3048,3034,3018,3129,2991,3117,3069,83,35,841664,2583319.39 ,622486,
HC,20170522,3117,3069,3137,3229,3110,3170,3172,101,103,852262,2704180.43 ,616938,
HC,20170523,3170,3172,3172,3187,3134,3153,3163,-19,-9,514930,1629069.42 ,619932,
HC,20170524,3153,3163,3152,3200,3075,3128,3135,-35,-28,972812,3050057.84 ,637596,
HC,20170525,3128,3135,3156,3211,3118,3133,3156,-2,21,962388,3037754.31 ,669824,
HC,20170526,3133,3156,3135,3152,3052,3116,3101,-40,-55,857442,2659363.99 ,648612,
HC,20170531,3116,3101,3135,3185,3033,3037,3101,-64,0,765842,2375000.92 ,662836,
HC,20170601,3037,3101,3040,3058,2981,3021,3020,-80,-81,746000,2253197.41 ,663500,
HC,20170602,3021,3020,3026,3050,2982,3012,3020,-8,0,850236,2568125.40 ,665108,
HC,20170605,3012,3020,3003,3025,2925,2936,2970,-84,-50,812462,2413453.25 ,643016,
HC,20170606,2936,2970,2930,2961,2906,2938,2935,-32,-35,572148,1679598.00 ,605956,
HC,20170607,2938,2935,2944,2972,2932,2957,2950,22,15,398372,1175491.37 ,608852,
HC,20170608,2957,2950,2958,3016,2921,2974,2965,24,15,611274,1813002.60 ,594430,
HC,20170609,2974,2965,2976,3080,2969,3074,3035,109,70,810740,2460770.22 ,608754,
HC,20170612,3074,3035,3076,3148,3062,3104,3104,69,69,927994,2881271.27 ,600614,
HC,20170613,3104,3104,3108,3119,3006,3006,3067,-98,-37,725344,2224662.61 ,558678,
HC,20170614,3006,3067,3001,3123,2972,3120,3036,53,-31,1063822,3230702.46 ,577838,
HC,20170615,3120,3036,3123,3199,3067,3185,3142,149,106,1366450,4294151.23 ,637642,
HC,20170616,3185,3142,3179,3238,3147,3164,3188,22,46,1191692,3800101.20 ,629628,
HC,20170619,3164,3188,3169,3273,3158,3236,3216,48,28,1141494,3671197.52 ,629960,
HC,20170620,3236,3216,3239,3255,3204,3228,3229,12,13,1021286,3297875.27 ,697516,
HC,20170621,3228,3229,3219,3227,3164,3197,3195,-32,-34,1027614,3283874.92 ,664554,
HC,20170622,3197,3195,3205,3269,3185,3194,3232,-1,37,1196708,3867809.92 ,668960,
HC,20170623,3194,3232,3204,3242,3181,3238,3213,6,-19,1082752,3479064.15 ,676898,
HC,20170626,3238,3213,3240,3305,3217,3288,3257,75,44,1074242,3499320.63 ,730922,
HC,20170627,3288,3257,3288,3357,3271,3350,3306,93,49,948444,3136460.57 ,750262,
HC,20170628,3350,3306,3355,3411,3351,3389,3384,83,78,881750,2984104.80 ,770712,
HC,20170629,3389,3384,3395,3429,3354,3377,3387,-7,3,1265560,4287592.53 ,753458,
HC,20170630,3377,3387,3368,3398,3339,3383,3369,-4,-18,1016430,3425149.64 ,689278,
HC,20170703,3383,3369,3362,3468,3362,3460,3420,91,51,1091936,3734732.98 ,720990,
HC,20170704,3460,3420,3450,3477,3377,3391,3423,-29,3,934384,3199171.40 ,646020,
HC,20170705,3391,3423,3395,3483,3393,3430,3438,7,15,871370,2996560.86 ,655614,
HC,20170706,3430,3438,3416,3424,3330,3414,3385,-24,-53,1109048,3754909.52 ,631052,
HC,20170707,3414,3385,3414,3455,3366,3444,3406,59,21,928382,3162137.45 ,628056,
HC,20170710,3444,3406,3439,3489,3423,3452,3455,46,49,796760,2753442.82 ,630762,
HC,20170711,3452,3455,3450,3605,3438,3569,3528,114,73,807266,2848686.34 ,662402,
HC,20170712,3569,3528,3558,3627,3558,3590,3595,62,67,662424,2381493.32 ,639846,
HC,20170713,3590,3595,3595,3684,3577,3680,3626,85,31,776658,2816346.71 ,666444,
HC,20170714,3680,3626,3670,3676,3562,3598,3608,-28,-18,931526,3361016.00 ,614900,
HC,20170717,3598,3608,3591,3725,3589,3698,3678,90,70,932794,3430857.56 ,666694,
HC,20170718,3698,3678,3691,3709,3643,3657,3676,-21,-2,764066,2808916.44 ,643482,
HC,20170719,3657,3676,3678,3745,3663,3731,3711,55,35,768146,2850701.70 ,663462,
HC,20170720,3731,3711,3730,3732,3605,3617,3677,-94,-34,1245152,4579058.87 ,588876,
HC,20170721,3617,3677,3627,3653,3566,3629,3615,-48,-62,796922,2881001.76 ,572402,
HC,20170724,3629,3615,3636,3650,3538,3586,3590,-29,-25,803838,2885822.46 ,531350,
HC,20170725,3586,3590,3593,3645,3572,3631,3613,41,23,635346,2295618.78 ,498060,
HC,20170726,3631,3613,3637,3717,3618,3644,3668,31,55,738042,2707636.39 ,470288,
HC,20170727,3644,3668,3634,3674,3580,3666,3630,-2,-38,731162,2654751.52 ,443962,
HC,20170728,3666,3630,3668,3705,3626,3660,3663,30,33,733244,2686040.90 ,444390,
HC,20170731,3660,3663,3669,3815,3658,3802,3760,139,97,954838,3590436.16 ,507980,
HC,20170801,3802,3760,3796,3828,3758,3766,3783,6,23,465930,1763075.34 ,493400,
HC,20170802,3766,3783,3777,3817,3744,3797,3790,14,7,456908,1732079.70 ,497850,
HC,20170803,3797,3790,3791,3849,3775,3809,3808,19,18,615012,2342536.50 ,474026,
HC,20170804,3809,3808,3812,3912,3798,3897,3857,89,49,499736,1927546.63 ,482666,
HC,20170807,3897,3857,3893,4088,3882,4030,4023,173,166,693512,2790343.89 ,457650,
HC,20170808,4030,4023,4028,4099,3972,4010,4037,-13,14,504074,2035050.80 ,411208,
HC,20170809,4010,4037,4017,4103,3967,4098,4024,61,-13,539486,2171171.64 ,394940,
HC,20170810,4068,3984,4059,4114,3984,4028,4048,44,64,582518,2358580.80 ,461566,
HC,20170811,4028,4048,4005,4075,3908,3937,3993,-111,-55,795222,3175992.23 ,453638,
HC,20170814,3937,3993,3945,3973,3857,3876,3905,-117,-88,914124,3570015.74 ,482986,
HC,20170815,3876,3905,3863,3883,3775,3840,3822,-65,-83,1225080,4683198.17 ,486790,
HC,20170816,3840,3822,3833,3880,3816,3829,3842,7,20,1136992,4368566.94 ,524118,
HC,20170817,3829,3842,3843,3993,3841,3942,3930,100,88,1850838,7273865.13 ,548294,
HC,20170818,3942,3930,3933,4037,3916,4021,3960,91,30,1437854,5694208.14 ,583506,
HC,20170821,4021,3960,4010,4109,3943,4068,4036,108,76,1572408,6346571.94 ,590180,
HC,20170822,4068,4036,4051,4087,3993,4047,4041,11,5,1280314,5173938.22 ,572152,
HC,20170823,4047,4041,4037,4037,3798,3865,3883,-176,-158,2083776,8091390.61 ,605400,
HC,20170824,3865,3883,3865,3979,3840,3962,3925,79,42,1826126,7167968.69 ,569488,
HC,20170825,3962,3925,3948,4144,3942,4050,4058,125,133,1327118,5386143.10 ,743460,
HC,20170828,4050,4058,4050,4109,3936,4081,4025,23,-33,1001916,4033439.51 ,698110,
HC,20170829,4081,4025,4086,4117,4004,4054,4064,29,39,1147216,4663193.30 ,844724,
HC,20170830,4054,4064,4060,4093,3985,4068,4039,4,-25,916612,3702580.10 ,829662,
HC,20170831,4068,4039,4050,4075,3941,4072,4011,33,-28,1219378,4891141.79 ,857990,
HC,20170901,4072,4011,4058,4251,4046,4251,4149,240,138,1182752,4907577.80 ,948926,
HC,20170904,4251,4149,4255,4400,4245,4284,4307,135,158,1350438,5816725.49 ,1007042,
HC,20170905,4284,4307,4280,4362,4273,4338,4326,31,19,1029092,4452125.76 ,1061864,
HC,20170906,4338,4326,4339,4386,4215,4222,4295,-104,-31,1258036,5403962.47 ,1022026,
HC,20170907,4222,4295,4230,4269,4193,4217,4227,-78,-68,1019244,4309140.53 ,975726,
HC,20170908,4217,4227,4209,4296,4128,4151,4210,-76,-17,1287244,5419753.09 ,1004982,
HC,20170911,4151,4210,4150,4180,4074,4161,4138,-49,-72,861170,3563685.00 ,909098,
HC,20170912,4161,4138,4161,4198,4087,4177,4140,39,2,962154,3984180.56 ,974686,
HC,20170913,4177,4140,4180,4220,4098,4119,4157,-21,17,905418,3763825.03 ,926584,
HC,20170914,4119,4157,4125,4174,4051,4078,4104,-79,-53,1257662,5162678.32 ,1039440,
HC,20170915,4078,4104,4080,4109,4033,4065,4073,-39,-31,926212,3773155.34 ,999576,
HC,20170918,4065,4073,4074,4092,3986,4046,4033,-27,-40,941078,3795735.06 ,994938,
HC,20170919,4046,4033,4041,4079,3980,3982,4033,-51,0,698594,2817988.91 ,946658,
HC,20170920,3982,4033,3979,4028,3928,3993,3971,-40,-62,802262,3185925.89 ,950842,
HC,20170921,3993,3971,4003,4049,3885,3890,3974,-81,3,1065582,4235586.83 ,997492,
HC,20170922,3890,3974,3899,3899,3740,3765,3827,-209,-147,849046,3250142.45 ,944166,
HC,20170925,3765,3827,3785,3838,3757,3820,3800,-7,-27,757126,2877781.01 ,927964,
HC,20170926,3820,3800,3820,3870,3808,3846,3839,46,39,621426,2386136.51 ,911152,
HC,20170927,3846,3839,3850,3930,3843,3919,3888,80,49,859646,3342923.58 ,947772,
HC,20170928,3919,3888,3927,3972,3822,3880,3899,-8,11,1037750,4046647.88 ,935344,
HC,20170929,3880,3899,3883,3978,3788,3978,3883,79,-16,952792,3700089.01 ,909868,
HC,20171009,3978,3883,4030,4100,3970,4007,4030,124,147,662000,2668432.69 ,925558,
HC,20171010,4007,4030,4000,4016,3850,3850,3900,-180,-130,1063376,4147721.23 ,969172,
HC,20171011,3850,3900,3851,3900,3809,3814,3851,-86,-49,824900,3177370.13 ,935412,
HC,20171012,3814,3851,3820,4028,3800,4002,3895,151,44,1356036,5281871.81 ,1105206,
HC,20171013,4002,3895,4000,4128,3973,4128,4043,233,148,1146328,4634676.87 ,1106168,
HC,20171016,4128,4043,4148,4239,4126,4170,4171,127,128,1160688,4841644.09 ,1154934,
HC,20171017,4170,4171,4170,4180,4022,4049,4099,-122,-72,1319720,5410522.25 ,1090000,
HC,20171018,4049,4099,4050,4096,4010,4035,4058,-64,-41,879610,3569840.56 ,1034298,
HC,20171019,4035,4058,4035,4038,3892,3916,3949,-142,-109,1200404,4741235.82 ,1047622,
HC,20171020,3916,3949,3916,4114,3888,4113,3986,164,37,1169112,4660300.25 ,999522,
HC,20171023,4113,3986,4109,4110,3951,4040,4032,54,46,1187056,4786560.40 ,984584,
HC,20171024,4040,4032,4030,4112,4000,4078,4067,46,35,893518,3634633.92 ,969866,
HC,20171025,4078,4067,4088,4148,4013,4053,4077,-14,10,1011078,4122392.90 ,976398,
HC,20171026,4053,4077,4033,4046,3932,3946,3975,-131,-102,1164240,4628222.24 ,994990,
HC,20171027,3946,3975,3940,3955,3818,3834,3889,-141,-86,1199236,4664442.64 ,1029576,
HC,20171030,3834,3889,3837,3883,3810,3836,3846,-53,-43,800414,3078947.68 ,945904,
HC,20171031,3836,3846,3836,3939,3824,3886,3880,40,34,1044248,4052530.83 ,951188,
HC,20171101,3886,3880,3884,3895,3783,3785,3847,-95,-33,1281774,4932016.57 ,931502,
HC,20171102,3785,3847,3791,3882,3759,3831,3815,-16,-32,1236066,4715787.39 ,922878,
HC,20171103,3831,3815,3830,3900,3809,3823,3850,8,35,853608,3287124.25 ,851342,
HC,20171106,3823,3850,3830,3980,3824,3970,3916,120,66,862176,3376899.01 ,832524,
HC,20171107,3970,3916,3975,3993,3906,3924,3945,8,29,581644,2295165.77 ,754966,
HC,20171108,3924,3945,3920,3954,3872,3930,3906,-15,-39,649870,2538858.41 ,758966,
HC,20171109,3930,3906,3938,4012,3908,3942,3958,36,52,774356,3065377.60 ,774804,
HC,20171110,3942,3958,3945,4025,3918,4011,3977,53,19,739504,2941092.63 ,771446,
HC,20171113,4011,3977,4014,4083,3991,4059,4038,82,61,688700,2781246.23 ,795544,
HC,20171114,4059,4038,4055,4103,4030,4079,4068,41,30,454698,1849814.93 ,760478,
HC,20171115,4079,4068,4079,4110,3985,4036,4043,-32,-25,575982,2329224.94 ,717370,
HC,20171116,4036,4043,4047,4058,4004,4019,4033,-24,-10,419416,1691655.27 ,677336,
HC,20171117,4019,4033,4029,4038,3933,3934,3983,-99,-50,557308,2219935.96 ,666258,
HC,20171120,3934,3983,3930,3994,3926,3990,3960,7,-23,394074,1560829.07 ,598824,
HC,20171121,3990,3960,3974,4042,3974,4017,4009,57,49,332888,1334852.66 ,530196,
HC,20171122,4017,4009,4023,4058,3996,4045,4027,36,18,290380,1169619.46 ,514566,
HC,20171123,4045,4027,4053,4070,3970,3992,4015,-35,-12,340478,1367145.50 ,462288,
HC,20171124,3992,4015,3996,3996,3941,3985,3963,-30,-52,293200,1162166.79 ,396244,
HC,20171127,3862,3820,3863,3929,3824,3840,3878,20,58,920420,3569681.91 ,488230,
HC,20171128,3840,3878,3841,3935,3838,3917,3893,39,15,892820,3476182.95 ,517924,
HC,20171129,3917,3893,3921,3989,3872,3973,3937,80,44,962496,3789788.19 ,572600,
HC,20171130,3973,3937,3976,4046,3957,3968,4005,31,68,995430,3987173.49 ,617568,
HC,20171201,3968,4005,3970,4012,3938,3989,3976,-16,-29,844508,3358333.87 ,619856,
HC,20171204,3989,3976,3988,4108,3961,4074,4045,98,69,991964,4012992.32 ,663598,
HC,20171205,4074,4045,4075,4102,4026,4050,4068,5,23,685184,2787927.19 ,658770,
HC,20171206,4050,4068,4048,4054,3913,3932,3972,-136,-96,865630,3438717.36 ,623918,
HC,20171207,3932,3972,3931,3955,3764,3832,3892,-140,-80,961868,3744390.50 ,593898,
HC,20171208,3832,3892,3832,3942,3829,3923,3875,31,-17,758400,2939457.85 ,552862,
HC,20171211,3923,3875,3935,3984,3888,3921,3930,46,55,855480,3362592.41 ,561536,
HC,20171212,3921,3930,3917,3990,3891,3914,3937,-16,7,727196,2863146.62 ,568892,
HC,20171213,3914,3937,3919,3919,3842,3864,3877,-73,-60,778466,3018721.90 ,555480,
HC,20171214,3864,3877,3874,3915,3840,3863,3874,-14,-3,786762,3048592.55 ,564448,
HC,20171215,3863,3874,3860,3940,3853,3926,3908,52,34,820372,3206122.79 ,575068,
HC,20171218,3926,3908,3930,3996,3865,3942,3928,34,20,1087416,4272325.67 ,557724,
HC,20171219,3942,3928,3938,3943,3821,3828,3877,-100,-51,1008346,3909536.53 ,621500,
HC,20171220,3828,3877,3830,3876,3806,3840,3841,-37,-36,721836,2772969.28 ,611918,
HC,20171221,3840,3841,3856,3924,3840,3881,3884,40,43,902692,3506224.45 ,599880,
HC,20171222,3881,3884,3880,3980,3870,3970,3935,86,51,805102,3168164.47 ,624010,
HC,20171225,3970,3935,3978,3979,3826,3829,3900,-106,-35,753756,2940173.50 ,588408,
HC,20171226,3829,3900,3825,3881,3819,3870,3855,-30,-45,542832,2092711.82 ,606588,
HC,20171227,3870,3855,3868,3899,3844,3857,3874,2,19,681648,2640997.28 ,613948,
HC,20171228,3857,3874,3850,3870,3816,3848,3845,-26,-29,617426,2374098.38 ,625112,
HC,20171229,3848,3845,3833,3898,3825,3846,3861,1,16,772990,2984666.45 ,630966,
HC,20180102,3846,3861,3850,3940,3842,3927,3893,66,32,570750,0,635234,4268
HC,20180103,3927,3893,3931,3934,3861,3864,3899,-29,6,500302,0,632164,-3070
HC,20180104,3864,3899,3857,3897,3845,3877,3868,-22,-31,568448,0,648052,15888
HC,20180105,3877,3868,3878,3878,3791,3842,3832,-26,-36,869870,0,711304,63252
HC,20180108,3842,3832,3839,3865,3770,3864,3810,32,-22,769662,0,714236,2932
HC,20180109,3864,3810,3860,3894,3852,3862,3869,52,59,595800,0,681804,-32432
HC,20180110,3862,3869,3860,3906,3830,3880,3871,11,2,696268,0,679090,-2714
HC,20180111,3880,3871,3888,3908,3857,3874,3885,3,14,516546,0,655534,-23556
HC,20180112,3874,3885,3877,3886,3814,3831,3844,-54,-41,506008,0,668280,12746
HC,20180115,3831,3844,3820,3848,3791,3837,3825,-7,-19,429202,0,660654,-7626
HC,20180116,3837,3825,3836,3879,3820,3822,3847,-3,22,592030,0,662994,2340
HC,20180117,3822,3847,3820,3865,3812,3843,3840,-4,-7,629880,0,662154,-840
HC,20180118,3843,3840,3837,3873,3829,3861,3852,21,12,537790,0,680280,18126
HC,20180119,3861,3852,3863,3928,3818,3923,3859,71,7,932068,0,691054,10774
HC,20180122,3923,3859,3923,3945,3883,3898,3908,39,49,610550,0,709654,18600
HC,20180123,3898,3908,3901,3920,3871,3903,3897,-5,-11,644968,0,685074,-24580
HC,20180124,3903,3897,3903,3943,3883,3939,3917,42,20,509920,0,711894,26820
HC,20180125,3939,3917,3936,4009,3920,3973,3962,56,45,702804,0,698556,-13338
HC,20180126,3973,3962,3970,3987,3936,3962,3963,0,1,447618,0,675822,-22734
HC,20180129,3962,3963,3961,3977,3940,3964,3960,1,-3,311510,0,674618,-1204
HC,20180130,3964,3960,3970,3970,3913,3939,3938,-21,-22,432572,0,642366,-32252
HC,20180131,3939,3938,3944,3994,3908,3934,3932,-4,-6,424890,0,620176,-22190
HC,20180201,3934,3932,3940,4000,3935,3972,3970,40,38,660720,0,653874,33698
HC,20180202,3972,3970,3964,4041,3956,4033,4012,63,42,836666,0,752600,98726
HC,20180205,4033,4012,4033,4045,3992,4028,4019,16,7,546466,0,719200,-33400
HC,20180206,4028,4019,4030,4050,3994,4010,4018,-9,-1,537924,0,668316,-50884
HC,20180207,4010,4018,4017,4027,3982,4012,4007,-6,-11,431298,0,643280,-25036
HC,20180208,4012,4007,4006,4040,4000,4027,4020,20,13,461064,0,656842,13562
HC,20180209,4027,4020,4031,4042,3949,3958,3995,-62,-25,609574,0,621172,-35670
HC,20180212,3958,3995,3957,3985,3945,3973,3964,-22,-31,322006,0,594878,-26294
HC,20180213,3973,3964,3965,4008,3958,3985,3985,21,21,295748,0,566246,-28632
HC,20180214,3985,3985,3976,4002,3968,3984,3984,-1,-1,254260,0,545414,-20832
HC,20180222,3984,3984,3978,4000,3906,3927,3945,-57,-39,335892,0,555952,10538
HC,20180223,3927,3945,3918,3983,3888,3972,3928,27,-17,669432,0,573130,17178
HC,20180226,3972,3928,3982,4084,3970,4080,4040,152,112,583884,0,591630,18500
HC,20180227,4080,4040,4085,4102,4039,4099,4069,59,29,448872,0,620264,28634
HC,20180228,4099,4069,4089,4105,4071,4087,4086,18,17,431470,0,624326,4062
HC,20180301,4087,4086,4078,4124,4077,4094,4096,8,10,426214,0,635258,10932
HC,20180302,4094,4096,4082,4124,4065,4120,4091,24,-5,526900,0,659956,24698
HC,20180305,4120,4091,4114,4115,4037,4047,4071,-44,-20,618146,0,577204,-82752
HC,20180306,4047,4071,4046,4061,4016,4042,4041,-29,-30,462866,0,548768,-28436
HC,20180307,4042,4041,4040,4049,3945,3946,4000,-95,-41,640136,0,542904,-5864
HC,20180308,3946,4000,3946,3970,3880,3883,3934,-117,-66,546380,0,504782,-38122
HC,20180309,3883,3934,3875,3896,3760,3803,3838,-131,-96,821858,0,488736,-16046
HC,20180312,3803,3838,3840,3851,3785,3821,3822,-17,-16,557188,0,456466,-32270
HC,20180313,3821,3822,3825,3850,3792,3811,3824,-11,2,465964,0,463320,6854
HC,20180314,3811,3824,3820,3872,3772,3856,3822,32,-2,595988,0,452032,-11288
HC,20180315,3856,3822,3864,3879,3833,3862,3858,40,36,416146,0,439320,-12712
HC,20180316,3862,3858,3860,3902,3836,3877,3872,19,14,570262,0,464510,25190
HC,20180319,3877,3872,3878,3888,3780,3815,3825,-57,-47,753830,0,449164,-15346
HC,20180320,3815,3825,3810,3847,3786,3816,3818,-9,-7,639886,0,442650,-6514
HC,20180321,3816,3818,3813,3849,3725,3735,3783,-83,-35,892754,0,494124,51474
HC,20180322,3735,3783,3737,3768,3706,3747,3738,-36,-45,692420,0,460976,-33148
HC,20180323,3747,3738,3743,3743,3513,3536,3596,-202,-142,1137830,0,409926,-51050
HC,20180326,3536,3596,3536,3590,3491,3513,3530,-83,-66,730960,0,389114,-20812
HC,20180327,3513,3530,3520,3626,3507,3587,3567,57,37,733978,0,389954,840
HC,20180328,3587,3567,3593,3628,3539,3579,3588,12,21,775712,0,380464,-9490
HC,20180329,3579,3588,3582,3639,3562,3631,3600,43,12,569474,0,367478,-12986
HC,20180330,3631,3600,3633,3729,3611,3726,3659,126,59,562774,0,350676,-16802
HC,20180402,3726,3659,3711,3795,3682,3712,3710,53,51,466136,0,311510,-39166
HC,20180403,3712,3710,3718,3755,3671,3698,3717,-12,7,469822,0,280760,-30750
HC,20180404,3451,3455,3453,3484,3410,3422,3438,-33,-17,302886,0,283418,18324
HC,20180409,3422,3438,3419,3522,3402,3516,3457,78,19,370708,0,309232,25814
HC,20180410,3516,3457,3516,3552,3496,3531,3525,74,68,486370,0,349334,40102
HC,20180411,3531,3525,3540,3554,3466,3479,3506,-46,-19,637208,0,384214,34880
HC.SHF,2018/04/12,3479.0,3482.0,3529.0,3460.0,3510.0,643152.0,22468060540.0,None,4.0,0.114090131204,1.98332854268,3493.42931997,391608.0,7394.0,3506.0,3493.0,-13.0,-0.370792926412,2018/04/12,2018/04/12
HC.SHF,2018/04/13,3510.0,3500.0,3562.0,3474.0,3549.0,651604.0,22923015040.0,None,56.0,1.60320641283,2.50712250712,3517.93651359,383426.0,-8182.0,3493.0,3517.0,24.0,0.68708846264,2018/04/13,2018/04/13
HC.SHF,2018/04/16,3549.0,3545.0,3566.0,3445.0,3459.0,634646.0,22188019240.0,None,-58.0,-1.64913278362,3.40941110172,3496.12527929,411206.0,27780.0,3517.0,3496.0,-21.0,-0.597099800967,2018/04/16,2018/04/16
HC.SHF,2018/04/17,3459.0,3464.0,3548.0,3452.0,3501.0,672808.0,23569499000.0,None,5.0,0.143020594966,2.77536860364,3503.15379722,379558.0,-31648.0,3496.0,3503.0,7.0,0.200228832952,2018/04/17,2018/04/17
HC.SHF,2018/04/18,3501.0,3537.0,3617.0,3508.0,3577.0,787262.0,28115179560.0,None,74.0,2.11247502141,3.11339617252,3571.26084582,393528.0,13970.0,3503.0,3571.0,68.0,1.94119326292,2018/04/18,2018/04/18
HC.SHF,2018/04/19,3577.0,3597.0,3642.0,3580.0,3620.0,712366.0,25713628420.0,None,49.0,1.37216465976,1.73329605815,3609.60916439,413516.0,19988.0,3571.0,3609.0,38.0,1.06412769532,2018/04/19,2018/04/19
HC.SHF,2018/04/20,3620.0,3610.0,3624.0,3573.0,3587.0,573568.0,20643788120.0,None,-22.0,-0.609587143253,1.40883977901,3599.18756277,438072.0,24556.0,3609.0,3599.0,-10.0,-0.277085065115,2018/04/20,2018/04/20
HC.SHF,2018/04/23,3587.0,3590.0,3690.0,3589.0,3680.0,670638.0,24459745260.0,None,81.0,2.25062517366,2.81572344578,3647.23520886,473292.0,35220.0,3599.0,3647.0,48.0,1.33370380661,2018/04/23,2018/04/23
HC.SHF,2018/04/24,3680.0,3660.0,3708.0,3660.0,3675.0,620398.0,22898415500.0,None,28.0,0.767754318618,1.30434782609,3690.92348783,498744.0,25452.0,3647.0,3690.0,43.0,1.17905127502,2018/04/24,2018/04/24
HC.SHF,2018/04/25,3675.0,3684.0,3702.0,3651.0,3677.0,531674.0,19572411080.0,None,-13.0,-0.352303523035,1.38775510204,3681.28046134,493602.0,-5142.0,3690.0,3681.0,-9.0,-0.243902439024,2018/04/25,2018/04/25
HC.SHF,2018/04/26,3677.0,3690.0,3720.0,3642.0,3671.0,580340.0,21321569560.0,None,-10.0,-0.27166530834,2.12129453359,3673.97897095,505724.0,12122.0,3681.0,3673.0,-8.0,-0.217332246672,2018/04/26,2018/04/26
HC.SHF,2018/04/27,3671.0,3670.0,3708.0,3657.0,3698.0,543238.0,20011360140.0,None,25.0,0.680642526545,1.38926722964,3683.71876415,488148.0,-17576.0,3673.0,3683.0,10.0,0.272257010618,2018/04/27,2018/04/27
HC.SHF,2018/05/02,3698.0,3720.0,3806.0,3720.0,3801.0,526902.0,19871086660.0,None,118.0,3.2039098561,2.32558139535,3771.30598479,538450.0,50302.0,3683.0,3771.0,88.0,2.38935650285,2018/05/02,2018/05/02
HC.SHF,2018/05/03,3801.0,3804.0,3807.0,3724.0,3737.0,592808.0,22311255760.0,None,-34.0,-0.901617608062,2.18363588529,3763.65632043,582002.0,43552.0,3771.0,3763.0,-8.0,-0.212145319544,2018/05/03,2018/05/03
HC.SHF,2018/05/04,3737.0,3737.0,3755.0,3714.0,3737.0,456226.0,17040069360.0,None,-26.0,-0.690938081318,1.0971367407,3735.0061943,582832.0,830.0,3763.0,3735.0,-28.0,-0.744087164496,2018/05/04,2018/05/04
HC.SHF,2018/05/07,3737.0,3730.0,3775.0,3707.0,3745.0,631480.0,23625169500.0,None,10.0,0.267737617135,1.8196414236,3741.23796478,582694.0,-138.0,3735.0,3741.0,6.0,0.160642570281,2018/05/07,2018/05/07
HC.SHF,2018/05/08,3745.0,3748.0,3764.0,3726.0,3734.0,387408.0,14507877900.0,None,-7.0,-0.187115744453,1.01468624833,3744.857592,576402.0,-6292.0,3741.0,3744.0,3.0,0.0801924619086,2018/05/08,2018/05/08
HC.SHF,2018/05/09,3734.0,3726.0,3730.0,3666.0,3676.0,610728.0,22528730700.0,None,-68.0,-1.81623931624,1.71397964649,3688.83213149,593554.0,17152.0,3744.0,3688.0,-56.0,-1.49572649573,2018/05/09,2018/05/09
HC.SHF,2018/05/10,3676.0,3677.0,3718.0,3669.0,3716.0,575626.0,21250989080.0,None,28.0,0.759219088937,1.33297062024,3691.80493584,566482.0,-27072.0,3688.0,3691.0,3.0,0.0813449023861,2018/05/10,2018/05/10
HC.SHF,2018/05/11,3716.0,3722.0,3783.0,3721.0,3767.0,549740.0,20626147080.0,None,76.0,2.05906258467,1.66846071044,3751.98222432,566942.0,460.0,3691.0,3751.0,60.0,1.62557572474,2018/05/11,2018/05/11
HC.SHF,2018/05/14,3767.0,3777.0,3786.0,3746.0,3769.0,398148.0,15009250560.0,None,18.0,0.479872034124,1.06185293337,3769.76665963,533572.0,-33370.0,3751.0,3769.0,18.0,0.479872034124,2018/05/14,2018/05/14
HC.SHF,2018/05/15,3769.0,3775.0,3818.0,3745.0,3796.0,710368.0,26869508440.0,None,27.0,0.716370390024,1.93685327673,3782.47731317,525202.0,-8370.0,3769.0,3782.0,13.0,0.344919076678,2018/05/15,2018/05/15
HC.SHF,2018/05/16,3796.0,3791.0,3850.0,3776.0,3810.0,735530.0,27999312820.0,None,28.0,0.740349021682,1.94942044257,3806.68535886,543926.0,18724.0,3782.0,3806.0,24.0,0.634584875727,2018/05/16,2018/05/16
HC.SHF,2018/05/17,3810.0,3812.0,3854.0,3792.0,3847.0,599150.0,22933479980.0,None,41.0,1.07724645297,1.62729658793,3827.66919469,604402.0,60476.0,3806.0,3827.0,21.0,0.55176037835,2018/05/17,2018/05/17
HC.SHF,2018/05/18,3847.0,3857.0,3870.0,3791.0,3800.0,642132.0,24563536520.0,None,-27.0,-0.705513457016,2.05354821939,3825.30951892,573010.0,-31392.0,3827.0,3825.0,-2.0,-0.0522602560753,2018/05/18,2018/05/18
HC.SHF,2018/05/21,3800.0,3802.0,3836.0,3743.0,3755.0,704958.0,26700948320.0,None,-70.0,-1.83006535948,2.44736842105,3787.59419994,575384.0,2374.0,3825.0,3787.0,-38.0,-0.993464052288,2018/05/21,2018/05/21
HC.SHF,2018/05/22,3755.0,3760.0,3796.0,3744.0,3762.0,517336.0,19491118860.0,None,-25.0,-0.660153155532,1.38482023968,3767.59376111,586312.0,10928.0,3787.0,3767.0,-20.0,-0.528122524426,2018/05/22,2018/05/22
HC.SHF,2018/05/23,3762.0,3760.0,3764.0,3679.0,3709.0,642166.0,23856199140.0,None,-58.0,-1.53968675338,2.25943646996,3714.95830362,590928.0,4616.0,3767.0,3714.0,-53.0,-1.40695513671,2018/05/23,2018/05/23
HC.SHF,2018/05/24,3709.0,3701.0,3773.0,3695.0,3773.0,584654.0,21811405180.0,None,59.0,1.58858373721,2.10299272041,3730.6518351,631642.0,40714.0,3714.0,3730.0,16.0,0.430802369413,2018/05/24,2018/05/24
HC.SHF,2018/05/25,3773.0,3788.0,3829.0,3743.0,3764.0,899730.0,34148850460.0,None,34.0,0.911528150134,2.27935329976,3795.45535438,632698.0,1056.0,3730.0,3795.0,65.0,1.74262734584,2018/05/25,2018/05/25
HC.SHF,2018/05/28,3764.0,3752.0,3830.0,3749.0,3786.0,684758.0,25964399860.0,None,-9.0,-0.237154150198,2.15196599362,3791.76290894,647122.0,14424.0,3795.0,3791.0,-4.0,-0.105401844532,2018/05/28,2018/05/28
HC.SHF,2018/05/29,3786.0,3786.0,3870.0,3776.0,3851.0,719956.0,27530608880.0,None,60.0,1.58269585861,2.48283148442,3823.92936235,702714.0,55592.0,3791.0,3823.0,32.0,0.844104457927,2018/05/29,2018/05/29
HC.SHF,2018/05/30,3851.0,3852.0,3893.0,3832.0,3867.0,686646.0,26543530700.0,None,44.0,1.15092859011,1.58400415476,3865.67906898,742064.0,39350.0,3823.0,3865.0,42.0,1.0986136542,2018/05/30,2018/05/30
HC.SHF,2018/05/31,3867.0,3861.0,3920.0,3851.0,3901.0,632192.0,24566904240.0,None,36.0,0.931435963777,1.78432893716,3885.98783914,748874.0,6810.0,3865.0,3885.0,20.0,0.517464424321,2018/05/31,2018/05/31
HC.SHF,2018/06/01,3901.0,3892.0,3964.0,3887.0,3901.0,690116.0,27057873080.0,None,16.0,0.41184041184,1.97385285824,3920.77173693,732748.0,-16126.0,3885.0,3920.0,35.0,0.900900900901,2018/06/01,2018/06/01
HC.SHF,2018/06/04,3901.0,3902.0,3928.0,3851.0,3867.0,669416.0,26000695500.0,None,-53.0,-1.35204081633,1.97385285824,3884.08635288,727892.0,-4856.0,3920.0,3884.0,-36.0,-0.918367346939,2018/06/04,2018/06/04
HC.SHF,2018/06/05,3867.0,3856.0,3910.0,3836.0,3909.0,664530.0,25734858720.0,None,25.0,0.643666323378,1.91362813551,3872.64062119,712252.0,-15640.0,3884.0,3872.0,-12.0,-0.308959835221,2018/06/05,2018/06/05
HC.SHF,2018/06/06,3909.0,3920.0,3940.0,3885.0,3918.0,642042.0,25106986160.0,None,46.0,1.18801652893,1.40700946534,3910.48968136,688390.0,-23862.0,3872.0,3910.0,38.0,0.981404958678,2018/06/06,2018/06/06
HC.SHF,2018/06/07,3918.0,3920.0,3999.0,3913.0,3943.0,745022.0,29459857140.0,None,33.0,0.843989769821,2.19499744768,3954.22647116,679780.0,-8610.0,3910.0,3954.0,44.0,1.12531969309,2018/06/07,2018/06/07
HC.SHF,2018/06/08,3943.0,3946.0,3958.0,3915.0,3936.0,463084.0,18222259620.0,None,-18.0,-0.455235204856,1.09054019782,3934.97931693,670334.0,-9446.0,3954.0,3934.0,-20.0,-0.505816894284,2018/06/08,2018/06/08
HC.SHF,2018/06/11,3936.0,3941.0,3958.0,3894.0,3936.0,525088.0,20608394820.0,None,2.0,0.0508388408744,1.62601626016,3924.75067417,688034.0,17700.0,3934.0,3924.0,-10.0,-0.254194204372,2018/06/11,2018/06/11
HC.SHF,2018/06/12,3936.0,3937.0,3976.0,3904.0,3976.0,605822.0,23906287900.0,None,52.0,1.3251783894,1.82926829268,3946.09107956,679306.0,-8728.0,3924.0,3946.0,22.0,0.560652395515,2018/06/12,2018/06/12
HC.SHF,2018/06/13,3976.0,3985.0,4008.0,3950.0,3963.0,577274.0,22938661640.0,None,17.0,0.430816016219,1.45875251509,3973.61766509,674470.0,-4836.0,3946.0,3973.0,27.0,0.68423720223,2018/06/13,2018/06/13
HC.SHF,2018/06/14,3963.0,3966.0,3985.0,3951.0,3979.0,559506.0,22206580500.0,None,6.0,0.151019380821,0.857935907141,3968.96199505,705792.0,31322.0,3973.0,3968.0,-5.0,-0.125849484017,2018/06/14,2018/06/14
HC.SHF,2018/06/15,3979.0,3972.0,3993.0,3940.0,3968.0,510908.0,20242429200.0,None,0.0,0.0,1.33199296306,3962.04976238,722950.0,17158.0,3968.0,3962.0,-6.0,-0.151209677419,2018/06/15,2018/06/15
HC.SHF,2018/06/19,3968.0,3930.0,3938.0,3822.0,3847.0,738408.0,28570306540.0,None,-115.0,-2.90257445734,2.92338709677,3869.17619257,689674.0,-33276.0,3962.0,3869.0,-93.0,-2.34729934377,2018/06/19,2018/06/19
HC.SHF,2018/06/20,3847.0,3843.0,3914.0,3834.0,3909.0,523658.0,20315504120.0,None,40.0,1.03385887826,2.07954250065,3879.53666706,685834.0,-3840.0,3869.0,3879.0,10.0,0.258464719566,2018/06/20,2018/06/20
HC.SHF,2018/06/21,3909.0,3902.0,3932.0,3868.0,3872.0,602090.0,23477111400.0,None,-7.0,-0.180458881155,1.63724737785,3899.26944477,676526.0,-9308.0,3879.0,3899.0,20.0,0.5155968033,2018/06/21,2018/06/21
HC.SHF,2018/06/22,3872.0,3902.0,3932.0,3868.0,3872.0,602090.0,23477111400.0,None,-7.0,-0.180458881155,1.63724737785,3899.26944477,676526.0,-9308.0,3879.0,3899.0,20.0,0.5155968033,2018/06/21,2018/06/22
