NI,20150327,102070,102070,101870,102710,100650,101080,101180,-990,-890,28860,292013.14 ,14364,
NI,20150330,101080,101180,99010,100000,96820,98430,98390,-2750,-2790,66684,656151.76 ,34186,
NI,20150331,98430,98390,98000,98200,93840,95040,95950,-3350,-2440,105600,1013274.91 ,54888,
NI,20150401,95040,95950,93940,94130,91270,92500,92870,-3450,-3080,158952,1476338.49 ,70960,
NI,20150402,92500,92870,92870,96600,92550,96160,94320,3290,1450,202848,1913386.81 ,80724,
NI,20150403,96160,94320,96000,97800,95660,97300,96530,2980,2210,150282,1450703.29 ,80998,
NI,20150407,97300,96530,97500,97980,95950,96420,96790,-110,260,75688,732658.13 ,83542,
NI,20150408,96420,96790,94500,95630,93300,93950,94450,-2840,-2340,183088,1729307.82 ,95102,
NI,20150409,93950,94450,94450,95260,93880,94300,94500,-150,50,160974,1521333.54 ,99084,
NI,20150410,94300,94500,94500,94970,93180,94540,94080,40,-420,137722,1295809.03 ,105628,
NI,20150413,94540,94080,94280,95670,93700,95230,94720,1150,640,180214,1707095.12 ,112858,
NI,20150414,95230,94720,94780,95070,92810,93100,93740,-1620,-980,199150,1866881.88 ,127690,
NI,20150415,93100,93740,92700,95000,92640,94730,93970,990,230,220106,2068449.08 ,132258,
NI,20150416,94730,93970,94610,95900,94260,95400,95090,1430,1120,195920,1863068.59 ,131624,
NI,20150417,95400,95090,96280,96660,95010,95850,95900,760,810,168702,1617969.57 ,127284,
NI,20150420,95850,95900,95980,96550,95200,95410,95910,-490,10,148104,1420552.79 ,116410,
NI,20150421,95410,95910,95330,96800,94900,95880,95910,-30,0,140930,1351681.21 ,110552,
NI,20150422,95880,95910,95910,96720,95750,96330,96260,420,350,123902,1192744.71 ,110516,
NI,20150423,96330,96260,96120,96500,95600,95860,96140,-400,-120,101066,971708.27 ,110646,
NI,20150424,95860,96140,95840,97900,95700,97830,96660,1690,520,118180,1142342.82 ,113816,
NI,20150427,97830,96660,98000,101490,97990,101490,100090,4830,3430,241904,2421304.81 ,116290,
NI,20150428,101490,100090,102490,104530,101420,102650,103110,2560,3020,285722,2946180.49 ,111958,
NI,20150429,102650,103110,102350,104400,100500,101020,102440,-2090,-670,317634,3253921.33 ,111334,
NI,20150430,101020,102440,101190,106980,101160,106010,104070,3570,1630,552750,5752803.94 ,125970,
NI,20150504,106010,104070,106010,108900,105450,107580,107000,3510,2930,278844,2983881.22 ,128702,
NI,20150505,107580,107000,107850,109230,106160,107960,107990,960,990,518266,5597104.46 ,133626,
NI,20150506,107960,107990,110000,113380,109690,113380,112100,5390,4110,609024,6827214.75 ,134182,
NI,20150507,113380,112100,114580,115300,111050,112500,112960,400,860,969052,10947348.87 ,123678,
NI,20150508,112500,112960,113700,114100,110000,112300,111810,-660,-1150,878416,9822370.57 ,118556,
NI,20150511,112300,111810,111810,114430,111060,113880,112550,2070,740,728054,8194966.61 ,128054,
NI,20150512,113880,112550,113300,115060,111270,111600,113270,-950,720,871696,9873932.49 ,126536,
NI,20150513,111600,113270,112280,113650,110780,111750,112190,-1520,-1080,752614,8444303.10 ,123868,
NI,20150514,111750,112190,112100,112100,107060,109400,109780,-2790,-2410,760542,8349435.51 ,121384,
NI,20150515,109400,109780,108980,110960,108540,110210,109450,430,-330,609290,6668774.80 ,130696,
NI,20150518,110210,109450,109390,109690,108200,108610,109160,-840,-290,544094,5939837.44 ,121292,
NI,20150519,108610,109160,108300,108890,106160,106430,107730,-2730,-1430,467078,5032237.57 ,116362,
NI,20150520,106430,107730,105500,105990,102340,102340,103570,-5390,-4160,318956,3303443.58 ,107676,
NI,20150521,102340,103570,100490,102550,100170,101070,101470,-2500,-2100,480198,4872888.85 ,106184,
NI,20150522,101070,101470,100960,103370,96710,100070,101630,-1400,160,741862,7540259.54 ,109808,
NI,20150525,100070,101630,98900,100580,98110,99480,99660,-2150,-1970,610232,6082019.48 ,114898,
NI,20150526,99480,99660,99670,101900,99660,100010,101060,350,1400,550278,5561465.52 ,115194,
NI,20150527,100010,101060,99990,101180,99200,100670,100470,-390,-590,406048,4079605.47 ,119564,
NI,20150528,98110,97890,97780,100100,97740,99470,99140,1580,1250,211690,2098876.28 ,144198,
NI,20150529,99470,99140,99140,99670,96250,97600,97970,-1540,-1170,196314,1923482.75 ,144488,
NI,20150601,97600,97970,97500,97800,96360,96810,97110,-1160,-860,171826,1668695.07 ,156872,
NI,20150602,96810,97110,97190,100500,97020,100280,99080,3170,1970,428588,4246705.39 ,179364,
NI,20150603,100280,99080,100380,101100,99040,99060,100230,-20,1150,409252,4102189.39 ,191776,
NI,20150604,99060,100230,99200,99940,97690,98530,99000,-1700,-1230,373158,3694288.75 ,193186,
NI,20150605,98530,99000,98650,99480,98060,98390,98820,-610,-180,349670,3455599.09 ,203496,
NI,20150608,98390,98820,98750,100600,98330,100570,99400,1750,580,493720,4907688.54 ,217446,
NI,20150609,100570,99400,100850,102180,100660,100910,101450,1510,2050,602556,6112985.91 ,214594,
NI,20150610,100910,101450,101360,101770,100570,101330,101250,-120,-200,398440,4034437.14 ,210380,
NI,20150611,101330,101250,101850,102200,101300,101500,101690,250,440,323762,3292434.25 ,201518,
NI,20150612,101500,101690,101600,101640,97800,98070,99690,-3620,-2000,485268,4838078.94 ,199864,
NI,20150615,98070,99690,98400,98880,97400,97580,98180,-2110,-1510,314750,3090312.51 ,206642,
NI,20150616,97580,98180,97400,98050,95340,95700,96960,-2480,-1220,386062,3743491.26 ,213938,
NI,20150617,95700,96960,96000,96360,94700,95280,95540,-1680,-1420,399972,3821656.40 ,212964,
NI,20150618,95280,95540,96300,96810,95830,96300,96260,760,720,327414,3151986.12 ,203154,
NI,20150619,96300,96260,96020,96180,94440,94610,95560,-1650,-700,314640,3006862.25 ,215276,
NI,20150623,94610,95560,94280,95330,94100,95050,94850,-510,-710,157974,1498469.67 ,218968,
NI,20150624,95050,94850,95510,96700,95350,96390,95980,1540,1130,335618,3221405.88 ,215434,
NI,20150625,96390,95980,96010,96220,94800,94850,95490,-1130,-490,333244,3182478.82 ,220876,
NI,20150626,94850,95490,94760,95170,93020,93850,94230,-1640,-1260,506474,4772982.29 ,222276,
NI,20150629,93850,94230,93650,93680,89510,90360,91930,-3870,-2300,618386,5685317.12 ,231122,
NI,20150630,90360,91930,88880,89410,87330,87330,88040,-4600,-3890,479454,4221419.05 ,235210,
NI,20150701,87330,88040,87330,89980,86680,88360,88450,320,410,711488,6293214.01 ,216384,
NI,20150702,88360,88450,88000,89880,87570,89450,88830,1000,380,651868,5791124.99 ,206510,
NI,20150703,89450,88830,89850,90670,88080,89240,89750,410,920,530356,4760425.93 ,192048,
NI,20150706,89240,89750,89100,89340,85260,85530,87390,-4220,-2360,497774,4350484.92 ,193608,
NI,20150707,85530,87390,85750,87360,84050,84220,85930,-3170,-1460,563222,4839865.78 ,194898,
NI,20150708,84220,85930,82400,82400,81630,81630,81780,-4300,-4150,25018,204614.90 ,190228,
NI,20150709,81630,81780,75230,86050,75230,83600,81120,1820,-660,1040716,8442450.39 ,168800,
NI,20150710,83600,81120,84100,85170,82950,84570,84200,3450,3080,552370,4651185.80 ,180276,
NI,20150713,84570,84200,84040,84170,80600,82250,82590,-1950,-1610,771510,6372204.22 ,189886,
NI,20150714,82250,82590,84510,85800,83680,84500,84820,1910,2230,831348,7051833.37 ,186378,
NI,20150715,84500,84820,84880,87120,84330,86970,85840,2150,1020,859920,7382398.44 ,187520,
NI,20150716,86970,85840,86850,87240,83630,85430,85220,-410,-620,949108,8088842.53 ,182376,
NI,20150717,85430,85220,84680,85760,84620,85600,85210,380,-10,589592,5024300.92 ,182418,
NI,20150720,85600,85210,84800,85660,84450,85320,85100,110,-110,574774,4891561.54 ,188630,
NI,20150721,85320,85100,85480,87950,85260,87870,86360,2770,1260,608876,5258482.64 ,195552,
NI,20150722,87870,86360,87670,87880,84530,85220,86630,-1140,270,737564,6389948.14 ,183214,
NI,20150723,85220,86630,85300,85620,83700,84410,84800,-2220,-1830,701378,5948327.30 ,185200,
NI,20150724,84410,84800,84190,84880,82900,83360,84040,-1440,-760,696550,5853891.62 ,186720,
NI,20150727,83360,84040,83290,84950,82620,82650,83790,-1390,-250,631090,5288247.48 ,188830,
NI,20150728,82650,83790,81300,83420,81150,82740,82120,-1050,-1670,594918,4885560.36 ,177788,
NI,20150729,82740,82120,83300,84770,83110,84330,83920,2210,1800,519938,4363443.17 ,162950,
NI,20150730,84330,83920,83590,84420,82500,82620,83620,-1300,-300,564582,4721179.27 ,170372,
NI,20150731,82620,83620,82000,83000,81720,81780,82450,-1840,-1170,480272,3959952.11 ,177058,
NI,20150803,81780,82450,82200,83180,80160,80340,81790,-2110,-660,516712,4226477.78 ,175340,
NI,20150804,80340,81790,80350,81220,79800,81100,80500,-690,-1290,441778,3556424.70 ,160924,
NI,20150805,81100,80500,81300,81800,80290,81190,81060,690,560,319588,2590630.88 ,152420,
NI,20150806,81190,81060,81500,81640,80500,80780,81020,-280,-40,329536,2670093.32 ,147734,
NI,20150807,80780,81020,80700,81130,79930,80700,80540,-320,-480,364892,2939166.15 ,148768,
NI,20150810,80700,80540,80620,82490,80280,82200,81040,1660,500,337824,2737854.64 ,139708,
NI,20150811,82200,81040,82190,84300,81980,82370,83050,1330,2010,514684,4274618.26 ,123886,
NI,20150812,82370,83050,81240,82840,80050,82690,81750,-360,-1300,506474,4140869.97 ,116000,
NI,20150813,82690,81750,82700,83500,81750,82690,82750,940,1000,349908,2895751.30 ,112150,
NI,20150814,83490,83530,83350,83430,82200,82300,82790,-1230,-740,135632,1122942.96 ,124732,
NI,20150817,82300,82790,82800,83200,82230,82880,82730,90,-60,132144,1093308.81 ,126786,
NI,20150818,82880,82730,82880,83250,81100,81130,82470,-1600,-260,180354,1487453.81 ,142650,
NI,20150819,81130,82470,81090,81950,80620,81860,81270,-610,-1200,286466,2328382.09 ,154028,
NI,20150820,81860,81270,81600,81850,79800,80650,80960,-620,-310,379502,3072464.50 ,176056,
NI,20150821,80650,80960,81550,81560,80300,80370,80850,-590,-110,311620,2519485.12 ,186596,
NI,20150824,80370,80850,80000,80100,76800,76800,78490,-4050,-2360,370194,2905658.69 ,217706,
NI,20150825,76800,78490,74200,76730,73050,73600,75190,-4890,-3300,648246,4874632.36 ,232104,
NI,20150826,73600,75190,75750,76230,74200,74360,75190,-830,0,575928,4330416.47 ,242488,
NI,20150827,74360,75190,74300,76200,74100,76160,75150,970,-40,472478,3550730.02 ,227150,
NI,20150828,76160,75150,76400,78900,76360,78610,77940,3460,2790,624826,4869944.13 ,204962,
NI,20150831,78610,77940,78200,79300,76790,76810,77850,-1130,-90,674872,5254075.72 ,207056,
NI,20150901,76810,77850,76460,77370,75800,75810,76540,-2040,-1310,458718,3511201.21 ,217478,
NI,20150902,75810,76540,76000,76690,75560,76510,76150,-30,-390,475672,3622542.39 ,209048,
NI,20150907,76510,76150,76200,77200,76190,77000,76860,850,710,293244,2254119.04 ,209890,
NI,20150908,77000,76860,76870,76940,75300,76190,76070,-670,-790,595808,4532768.86 ,248922,
NI,20150909,76190,76070,77090,78870,76730,77790,77990,1720,1920,1253336,9775822.08 ,237720,
NI,20150910,77790,77990,78210,78720,77120,78710,77790,720,-200,1047802,8151740.85 ,251158,
NI,20150911,78710,77790,79400,80220,78750,79410,79530,1620,1740,1420664,11299259.73 ,245130,
NI,20150914,79410,79530,79100,79900,78230,78260,79060,-1270,-470,1062540,8400992.57 ,240600,
NI,20150915,78260,79060,77480,78060,76860,76960,77520,-2100,-1540,1094660,8486165.61 ,249360,
NI,20150916,76960,77520,77320,79380,77270,78950,78130,1430,610,1478896,11554913.26 ,247710,
NI,20150917,78950,78130,78800,79330,78300,78590,78760,460,630,1678798,13222624.97 ,251738,
NI,20150918,78590,78760,78110,78580,77810,77890,78170,-870,-590,1444806,11295369.16 ,268762,
NI,20150921,77890,78170,77200,78190,76320,78110,77110,-60,-1060,1442658,11124991.53 ,293284,
NI,20150922,78110,77110,77790,77970,76940,77090,77400,-20,290,1253948,9706000.25 ,293870,
NI,20150923,77090,77400,76780,76980,76030,76740,76440,-660,-960,1147082,8769366.20 ,302684,
NI,20150924,76740,76440,76940,77110,76300,76760,76680,320,240,779346,5976140.14 ,304598,
NI,20150925,76760,76680,76680,77850,76600,77100,77350,420,670,979700,7578518.19 ,280362,
NI,20150928,77100,77350,77300,77800,77220,77410,77520,60,170,384820,2983275.17 ,280330,
NI,20150929,77410,77520,77210,77420,75500,75540,76260,-1980,-1260,646524,4930438.76 ,280048,
NI,20150930,75540,76260,76260,77110,75950,77100,76420,840,160,479410,3663932.33 ,248998,
NI,20151008,77100,76420,78200,78530,77300,77450,77660,1030,1240,244958,1902466.72 ,253152,
NI,20151009,77450,77660,77510,79470,77360,79450,78530,1790,870,663132,5207806.49 ,260084,
NI,20151012,79450,78530,81000,81000,79000,80310,79770,1780,1240,786262,6272581.55 ,244502,
NI,20151013,80310,79770,80370,80380,78820,79620,79370,-150,-400,632286,5018785.14 ,240428,
NI,20151014,79620,79370,79300,79880,78970,79270,79410,-100,40,676222,5370548.24 ,241670,
NI,20151015,79270,79410,79400,80700,79200,80340,80040,930,630,875794,7010081.23 ,286750,
NI,20151016,80340,80040,80230,80900,79900,80390,80370,350,330,820446,6594164.25 ,285266,
NI,20151019,80390,80370,80280,80650,79110,79150,79920,-1220,-450,675768,5401256.96 ,270082,
NI,20151020,79150,79920,79150,79290,78050,78320,78480,-1600,-1440,673374,5284924.78 ,252482,
NI,20151021,78320,78480,78450,78690,77900,78130,78320,-350,-160,563356,4412338.36 ,255076,
NI,20151022,78130,78320,78100,79600,77710,78660,78510,340,190,546592,4291625.01 ,234838,
NI,20151023,78660,78510,78960,80010,78590,79980,79090,1470,580,669468,5294962.00 ,248752,
NI,20151026,79980,79090,79980,79980,78450,78590,79250,-500,160,679910,5388365.55 ,247344,
NI,20151027,78590,79250,78720,79280,78270,79150,78830,-100,-420,535496,4221622.21 ,242420,
NI,20151028,79150,78830,79200,79580,78800,79160,79110,330,280,562956,4454070.04 ,236902,
NI,20151029,79160,79110,79080,79900,78650,79130,79230,20,120,599260,4748425.68 ,236182,
NI,20151030,79130,79230,79000,79350,77130,77150,78140,-2080,-1090,743688,5811301.19 ,306602,
NI,20151102,77150,78140,77100,77390,76460,76590,76960,-1550,-1180,598726,4608360.56 ,335360,
NI,20151103,76590,76960,76700,77250,76190,76330,76700,-630,-260,547810,4201930.14 ,346974,
NI,20151104,76330,76700,76200,76680,75720,76510,76210,-190,-490,710650,5416452.48 ,362628,
NI,20151105,76510,76210,76190,76970,74780,74820,75830,-1390,-380,754986,5725557.74 ,406972,
NI,20151106,74820,75830,75800,75800,74560,74990,74950,-840,-880,702012,5261629.63 ,393540,
NI,20151109,74990,74950,74800,75200,73760,73990,74560,-960,-390,731148,5451929.85 ,432832,
NI,20151110,73990,74560,74100,74220,72430,73890,73320,-670,-1240,741658,5438246.72 ,431638,
NI,20151111,73890,73320,73450,73680,72750,72930,73200,-390,-120,779414,5705335.34 ,456998,
NI,20151112,72930,73200,73000,73750,72550,73290,73110,90,-90,669322,4893911.71 ,448788,
NI,20151113,73290,73110,72700,73640,72270,72930,73030,-180,-80,846614,6183208.61 ,466212,
NI,20151116,72930,73030,72830,73600,72700,73180,73120,150,90,558036,4080571.51 ,447322,
NI,20151117,73180,73120,73350,73350,70530,71240,71880,-1880,-1240,851516,6121360.96 ,446728,
NI,20151118,71240,71880,71450,71740,70110,70950,70980,-930,-900,666046,4728096.79 ,445772,
NI,20151119,70950,70980,70700,71020,69220,69770,70080,-1210,-900,701690,4917705.26 ,435448,
NI,20151120,69770,70080,69600,69790,68500,68740,69130,-1340,-950,860638,5950207.47 ,445614,
NI,20151123,68740,69130,69000,69200,64980,64980,67380,-4150,-1750,837472,5643603.58 ,446362,
NI,20151124,64980,67380,64180,65730,63310,64970,64390,-2410,-2990,1145120,7374321.87 ,413958,
NI,20151125,64970,64390,64800,68250,64550,68250,66960,3860,2570,1195734,8007062.86 ,378610,
NI,20151126,68250,66960,67900,72780,67360,70800,69970,3840,3010,1870082,13085974.10 ,367254,
NI,20151127,70800,69970,70790,72160,69010,69370,70550,-600,580,1643298,11594582.65 ,340084,
NI,20151130,69370,70550,68760,69150,67680,69100,68360,-1450,-2190,1294326,8848252.75 ,322532,
NI,20151201,69100,68360,68900,70350,68680,68970,69650,610,1290,1226688,8544805.33 ,313308,
NI,20151202,68970,69650,69000,70940,68760,70150,69940,500,290,855172,5981533.28 ,310608,
NI,20151203,70150,69940,69600,71130,68130,68150,69920,-1790,-20,1109584,7759113.57 ,296010,
NI,20151204,68150,69920,68290,69470,68200,68880,68830,-1040,-1090,1059082,7289713.94 ,278502,
NI,20151207,68880,68830,70000,70830,69380,70590,70050,1760,1220,775834,5434944.49 ,268360,
NI,20151208,70590,70050,70000,70110,67670,68170,68770,-1880,-1280,742586,5107119.09 ,279530,
NI,20151209,68170,68770,67900,68440,66930,68170,67780,-600,-990,800558,5426756.58 ,278940,
NI,20151210,68170,67780,68350,69020,67300,67490,68180,-290,400,789124,5380870.52 ,270722,
NI,20151211,67490,68180,67130,69050,66810,69030,67700,850,-480,725398,4911445.25 ,257790,
NI,20151214,69030,67700,68630,68970,67800,68750,68510,1050,810,686612,4704016.69 ,244534,
NI,20151215,70060,69730,69500,71050,69300,69670,70160,-60,430,399560,2803390.79 ,269806,
NI,20151216,69670,70160,69400,70310,69140,70250,69880,90,-280,377762,2640167.58 ,274928,
NI,20151217,70250,69880,70330,71100,69750,69820,70390,-60,510,509990,3589867.43 ,294056,
NI,20151218,69820,70390,69800,70650,69750,70500,70170,110,-220,523508,3673539.57 ,315212,
NI,20151221,70500,70170,70600,71300,70170,71130,70750,960,580,828576,5862319.03 ,345250,
NI,20151222,71130,70750,71010,71710,70600,70840,71160,90,410,853816,6076230.32 ,368860,
NI,20151223,70840,71160,70730,70990,69750,70220,70380,-940,-780,779186,5484658.07 ,392536,
NI,20151224,70220,70380,70180,70700,69390,69400,70190,-980,-190,816902,5734499.85 ,421326,
NI,20151225,69400,70190,69400,69780,68970,69130,69370,-1060,-820,680852,4723268.74 ,447046,
NI,20151228,69130,69370,69280,69470,68000,68050,68760,-1320,-610,623030,4284574.82 ,477550,
NI,20151229,68050,68760,68030,69390,67900,69310,68560,550,-200,651506,4467319.13 ,463074,
NI,20151230,69310,68560,69030,70690,69020,70070,70020,1510,1460,1002108,7017104.98 ,443934,
NI,20151231,70070,70020,70100,70960,69880,70630,70360,610,340,838374,5899186.96 ,429168,
NI,20160104,70630,70360,70810,70960,68560,68930,69370,-1430,-990,577174,4004125.89 ,428358,
NI,20160105,68930,69370,69200,69610,68500,69510,69070,140,-300,765810,5290123.14 ,424542,
NI,20160106,69510,69070,69380,69750,68360,68820,68940,-250,-130,773858,5335213.40 ,437426,
NI,20160107,68820,68940,69000,69410,67340,67480,68550,-1460,-390,911372,6248358.28 ,484406,
NI,20160108,67480,68550,67460,68550,66510,67920,67710,-630,-840,1222618,8279023.56 ,459614,
NI,20160111,67920,67710,67910,68660,66780,67000,67710,-710,0,986604,6680535.00 ,475302,
NI,20160112,67000,67710,67280,67630,65820,65950,66680,-1760,-1030,1033860,6893897.82 ,497478,
NI,20160113,65950,66680,66010,66680,65940,66220,66260,-460,-420,814236,5395538.13 ,504624,
NI,20160114,66220,66260,66220,68070,66050,67360,66910,1100,650,924800,6188208.85 ,473274,
NI,20160115,67360,66910,67370,69350,67260,68190,68320,1280,1410,1061426,7252072.72 ,441794,
NI,20160118,68190,68320,67820,69620,67700,69320,68760,1000,440,1076330,7401742.12 ,449514,
NI,20160119,69320,68760,69310,70300,68720,70130,69480,1370,720,977974,6795142.92 ,440862,
NI,20160120,70130,69480,70010,70290,68850,69470,69590,-10,110,925226,6438990.43 ,437800,
NI,20160121,69470,69590,69450,70000,68910,69250,69450,-340,-140,1032314,7169698.01 ,427960,
NI,20160122,69250,69450,69350,70780,69260,70160,70030,710,580,1091160,7641964.76 ,432032,
NI,20160125,70160,70030,70770,70930,69130,69360,69990,-670,-40,754402,5280375.86 ,426650,
NI,20160126,69360,69990,69400,69560,68750,69130,69150,-860,-840,744666,5149821.50 ,429578,
NI,20160127,69130,69150,69350,70590,69350,70520,69950,1370,800,820568,5740604.13 ,443768,
NI,20160128,70520,69950,70440,70570,69550,69730,70070,-220,120,683710,4791289.97 ,442112,
NI,20160129,69730,70070,69600,70220,69300,69590,69730,-480,-340,727910,5076057.87 ,438022,
NI,20160201,69590,69730,69420,70200,68500,68950,69470,-780,-260,779094,5412491.89 ,460126,
NI,20160202,68950,69470,68820,69240,68560,69010,68910,-460,-560,580890,4003462.88 ,441838,
NI,20160203,69010,68910,69050,69150,67960,68880,68600,-30,-310,640464,4393920.28 ,436748,
NI,20160204,68880,68600,68780,69780,68720,69340,69210,740,610,583156,4036485.03 ,421032,
NI,20160205,69340,69210,69360,69750,68500,68740,69130,-470,-80,494356,3417775.49 ,407420,
NI,20160215,68740,69130,64950,66600,64280,66320,65910,-2810,-3220,399620,2634207.16 ,429914,
NI,20160216,66320,65910,66010,67080,66010,66660,66590,750,680,600702,4000134.58 ,446270,
NI,20160217,66660,66590,66860,66890,66060,66400,66500,-190,-90,557778,3709451.13 ,438520,
NI,20160218,66400,66500,66600,67180,66430,66680,66740,180,240,459810,3068777.50 ,433320,
NI,20160219,66680,66740,66790,67350,66600,67120,66950,380,210,570678,3820756.00 ,434012,
NI,20160222,67120,66950,67150,69050,67010,68730,67970,1780,1020,740480,5033206.41 ,444796,
NI,20160223,68730,67970,69060,69560,68510,68700,69020,730,1050,590896,4078828.01 ,424384,
NI,20160224,68700,69020,69100,69120,68140,68550,68530,-470,-490,520200,3565390.29 ,427820,
NI,20160225,68550,68530,68350,68990,67560,67810,68350,-720,-180,657020,4490835.09 ,451180,
NI,20160226,67810,68350,67960,67990,66370,67290,67280,-1060,-1070,668722,4499669.38 ,439272,
NI,20160229,67290,67280,67500,68300,66550,67020,67410,-260,130,802790,5411839.52 ,447552,
NI,20160301,67020,67410,67220,67910,66690,67800,67220,390,-190,703738,4730551.96 ,446398,
NI,20160302,67800,67220,68000,69040,67830,68950,68410,1730,1190,783972,5363861.06 ,431708,
NI,20160303,68950,68410,69210,69540,68600,69400,69120,990,710,688900,4761976.83 ,420924,
NI,20160304,69400,69120,69550,72390,69320,71350,70730,2230,1610,1203738,8514637.61 ,456092,
NI,20160307,71350,70730,71340,74450,71200,73310,73010,2580,2280,1495566,10919677.86 ,486106,
NI,20160308,73310,73010,73860,75840,70060,71670,73070,-1340,60,1825344,13338727.22 ,441868,
NI,20160309,71670,73070,71900,71980,68680,69280,69690,-3790,-3380,1182210,8239245.06 ,392578,
NI,20160310,69280,69690,69600,70510,68750,68930,69670,-760,-20,1229092,8563560.46 ,410358,
NI,20160311,68930,69670,69100,69960,68510,69450,69290,-220,-380,816682,5658964.54 ,399338,
NI,20160314,69450,69290,69260,70370,68900,69310,69520,20,230,743622,5169911.49 ,403324,
NI,20160315,69310,69520,69030,69230,67730,68330,68350,-1190,-1170,750548,5130158.78 ,394890,
NI,20160316,68330,68350,67880,68350,67570,68100,67990,-250,-360,624272,4244907.09 ,415204,
NI,20160317,68100,67990,67640,68990,67590,68540,68360,550,370,690320,4719105.40 ,422824,
NI,20160318,68540,68360,68500,70440,68410,69860,69680,1500,1320,1136578,7920657.81 ,422862,
NI,20160321,69860,69680,69750,70060,67780,68090,68730,-1590,-950,840560,5777856.96 ,439046,
NI,20160322,68090,68730,68200,69350,68170,68450,68710,-280,-20,821964,5648271.49 ,434656,
NI,20160323,68450,68710,68300,69500,68050,68260,68690,-450,-20,674642,4634512.82 ,435104,
NI,20160324,68260,68690,68360,68610,67600,68130,68130,-560,-560,686116,4675155.32 ,412414,
NI,20160325,68130,68130,67980,68640,67850,68470,68320,340,190,461376,3152214.69 ,393696,
NI,20160328,68470,68320,68380,68950,67990,68120,68560,-200,240,436500,2993040.54 ,387790,
NI,20160329,68120,68560,68180,68810,67800,68290,68300,-270,-260,409056,2793867.71 ,371538,
NI,20160330,68290,68300,68240,68380,66350,66740,67190,-1560,-1110,643814,4326176.65 ,393148,
NI,20160331,66740,67190,66600,67390,66100,66250,66700,-940,-490,551754,3680594.02 ,387192,
NI,20160401,66250,66700,66070,66830,66010,66340,66450,-360,-250,472770,3141636.17 ,368288,
NI,20160405,66340,66450,66060,66230,65140,65690,65680,-760,-770,255854,1680679.15 ,362046,
NI,20160406,65690,65680,65530,66850,65530,66710,66460,1030,780,410908,2731041.54 ,336676,
NI,20160407,66710,66460,66710,67340,66610,67050,67010,590,550,340576,2282495.75 ,311830,
NI,20160408,68000,68010,67910,67940,66600,67430,67190,-580,-820,265832,1786130.87 ,348830,
NI,20160411,67430,67190,67600,68720,67530,68230,68260,1040,1070,416704,2844584.28 ,371030,
NI,20160412,68230,68260,68510,69040,68000,69000,68480,740,220,498870,3416664.66 ,413000,
NI,20160413,69000,68480,69070,71940,68760,70260,70340,1780,1860,1311228,9223244.38 ,473382,
NI,20160414,70260,70340,70800,71400,70260,70710,70880,370,540,762510,5405161.93 ,490702,
NI,20160415,70710,70880,70880,71460,70060,70240,70890,-640,10,745346,5284073.64 ,508514,
NI,20160418,70240,70890,70330,71470,69530,70840,70440,-50,-450,788530,5554516.30 ,521640,
NI,20160419,70840,70440,71300,72170,70040,71010,71380,570,940,1046740,7471877.38 ,554886,
NI,20160420,71010,71380,71340,72830,71060,71880,71990,500,610,1317728,9487032.38 ,555618,
NI,20160421,71880,71990,72300,74400,71720,73850,73050,1860,1060,1506998,11009152.62 ,600716,
NI,20160422,73850,73050,75010,75110,70470,71810,72240,-1240,-810,1459122,10541837.11 ,557696,
NI,20160425,71810,72240,72000,73720,70820,72050,72160,-190,-80,1250414,9023929.81 ,561076,
NI,20160426,72050,72160,71910,72220,70670,71350,71640,-810,-520,822540,5892821.20 ,562176,
NI,20160427,71350,71640,71500,72450,71260,71910,71860,270,220,823176,5915687.63 ,564824,
NI,20160428,71910,71860,72100,72710,71370,72170,72010,310,150,1041496,7500451.22 ,570620,
NI,20160429,72170,72010,72140,73400,71910,73340,72500,1330,490,954570,6921030.03 ,593836,
NI,20160503,73340,72500,73290,76200,72700,75940,74150,3440,1650,862968,6399040.55 ,653182,
NI,20160504,75940,74150,75690,76390,73720,74360,74850,210,700,1429034,10696936.16 ,626004,
NI,20160505,74360,74850,74540,74930,73120,73420,74020,-1430,-830,970200,7182337.94 ,613536,
NI,20160506,73420,74020,73460,73590,69900,70700,71410,-3320,-2610,1412010,10084083.79 ,578524,
NI,20160509,70700,71410,70790,72080,68920,69030,70500,-2380,-910,1291174,9103257.99 ,604630,
NI,20160510,69030,70500,68920,69480,68150,69210,68920,-1290,-1580,946058,6521071.87 ,597736,
NI,20160511,69210,68920,69050,69700,69010,69400,69360,480,440,773980,5368547.42 ,605872,
NI,20160512,69400,69360,69710,70610,69120,70130,69850,770,490,962488,6723363.82 ,596240,
NI,20160513,70130,69850,70000,70360,67750,68250,68710,-1600,-1140,1122286,7711435.70 ,591130,
NI,20160516,68250,68710,68080,69130,67900,68850,68670,140,-40,677276,4651045.06 ,591198,
NI,20160517,68850,68670,68880,69640,68660,69410,69220,740,550,688620,4766935.92 ,594566,
NI,20160518,69410,69220,69090,69880,68430,68600,69240,-620,20,806500,5584255.73 ,619082,
NI,20160519,68600,69240,68580,69180,68200,68430,68650,-810,-590,609878,4187167.75 ,622594,
NI,20160520,68430,68650,68190,68830,67770,68520,68370,-130,-280,559474,3825509.61 ,628154,
NI,20160523,68520,68370,68530,68780,66720,67180,67540,-1190,-830,828052,5593114.71 ,643032,
NI,20160524,67180,67540,66890,67420,66430,67020,66990,-520,-550,553818,3710372.11 ,652548,
NI,20160525,67020,66990,67190,67820,66730,66820,67210,-170,220,633888,4260663.35 ,654140,
NI,20160526,66820,67210,67080,67710,66830,67230,67170,20,-40,668844,4493212.71 ,668578,
NI,20160527,67230,67170,67280,67800,66350,67390,66990,220,-180,824508,5523536.99 ,661686,
NI,20160530,67390,66990,67390,67680,66750,67360,67250,370,260,544958,3665115.87 ,660418,
NI,20160531,67360,67250,67400,68390,67200,68090,67820,840,570,653542,4432888.55 ,667272,
NI,20160601,68090,67820,68160,68280,66950,67150,67650,-670,-170,524336,3547142.15 ,681582,
NI,20160602,67150,67650,66990,68000,66750,67430,67460,-220,-190,507290,3422487.94 ,654718,
NI,20160603,67430,67460,67320,67850,67310,67550,67600,90,140,480244,3246617.19 ,671238,
NI,20160606,67550,67600,68100,69260,67660,68990,68420,1390,820,615780,4213473.99 ,652222,
NI,20160607,68990,68420,69120,69500,68480,68780,68970,360,550,443264,3057335.48 ,632672,
NI,20160608,68780,68970,68500,69300,68320,68890,68740,-80,-230,408292,2806733.08 ,607992,
NI,20160613,68890,68740,69600,70870,69510,70300,70270,1560,1530,350280,2461550.30 ,601348,
NI,20160614,70300,70270,70430,70700,70000,70420,70360,150,90,389368,2739848.88 ,588166,
NI,20160615,70420,70360,70220,71300,70090,71240,70740,880,380,568748,4023507.04 ,598626,
NI,20160616,71240,70740,71880,71980,70170,70420,71080,-320,340,497828,3538976.93 ,568340,
NI,20160617,70420,71080,70250,71450,69900,71450,70520,370,-560,486166,3428691.98 ,557408,
NI,20160620,71450,70520,71600,72870,71090,72520,72030,2000,1510,617698,4449837.21 ,541624,
NI,20160621,72520,72030,72800,73400,72000,72390,72650,360,620,494708,3594454.60 ,515490,
NI,20160622,72390,72650,72450,72880,71570,72760,72200,110,-450,478340,3453969.48 ,507188,
NI,20160623,72760,72200,72750,72980,71680,72050,72240,-150,40,428734,3097338.64 ,497116,
NI,20160624,72050,72240,72180,72500,70010,70470,71270,-1770,-970,673326,4799020.93 ,476088,
NI,20160627,70470,71270,70610,71850,70520,71650,71230,380,-40,535002,3810877.64 ,479126,
NI,20160628,71650,71230,71580,72860,71030,72580,71830,1350,600,526784,3784198.89 ,477966,
NI,20160629,72580,71830,72730,73950,72650,73450,73250,1620,1420,710344,5203569.68 ,459692,
NI,20160630,73450,73250,73600,75350,73380,74890,74330,1640,1080,733846,5454856.36 ,474668,
NI,20160701,74890,74330,74730,75980,73600,75560,74760,1230,430,845836,6323959.70 ,493470,
NI,20160704,75560,74760,75700,79240,75500,79240,77950,4480,3190,1016926,7927900.04 ,552196,
NI,20160705,79240,77950,80950,83490,77200,80600,80080,2650,2130,1844850,14774896.84 ,537240,
NI,20160706,80600,80080,80660,82140,75970,78060,78480,-2020,-1600,2027096,15909707.99 ,507050,
NI,20160707,78060,78480,77410,80900,76680,77270,78750,-1210,270,1631036,12844471.71 ,491106,
NI,20160708,77270,78750,77480,78400,75120,76840,76870,-1910,-1880,1333552,10251890.37 ,463450,
NI,20160711,76840,76870,77510,79880,76900,79300,78200,2430,1330,1193678,9335110.06 ,471884,
NI,20160712,79300,78200,79450,81400,78820,81160,79740,2960,1540,1095460,8736171.94 ,496362,
NI,20160713,81160,79740,81400,83570,79900,80430,81830,690,2090,1638146,13405176.92 ,485588,
NI,20160714,80430,81830,80800,82000,79700,81770,80950,-60,-880,1085930,8790918.00 ,486054,
NI,20160715,81770,80950,81590,82180,80100,81200,81080,250,130,977862,7929160.48 ,479964,
NI,20160718,81200,81080,81610,82000,79530,80840,80860,-240,-220,1178810,9532558.13 ,468188,
NI,20160719,80840,80860,81000,83750,80340,81880,82180,1020,1320,1637088,13454432.62 ,481030,
NI,20160720,81880,82180,81750,82360,80680,81550,81580,-630,-600,1102102,8991872.02 ,456666,
NI,20160721,81550,81580,81080,82780,80510,82250,81840,670,260,1038416,8498608.47 ,461090,
NI,20160722,82250,81840,82880,84080,81150,81220,82670,-620,830,1274224,10534147.68 ,442624,
NI,20160725,81220,82670,81600,81890,79770,80520,80650,-2150,-2020,1000232,8067102.25 ,414574,
NI,20160726,80520,80650,80700,80880,78650,79390,79750,-1260,-900,860320,6861292.89 ,382886,
NI,20160727,79390,79750,79310,80690,79120,79650,79920,-100,170,768382,6141676.14 ,351508,
NI,20160728,79650,79920,79920,81500,79580,81390,80580,1470,660,784462,6321216.21 ,343934,
NI,20160729,81390,80580,81500,82000,80280,80330,81260,-250,680,716288,5820946.51 ,315740,
NI,20160801,81790,82730,82100,84090,81410,83930,82930,1200,200,349706,2900381.63 ,387724,
NI,20160802,83930,82930,83760,85200,83210,85180,84010,2250,1080,477874,4014981.43 ,481616,
NI,20160803,85180,84010,85290,85700,83450,83880,84260,-130,250,698722,5887553.73 ,508116,
NI,20160804,83880,84260,84010,84500,81590,82100,83040,-2160,-1220,796350,6613342.72 ,478976,
NI,20160805,82100,83040,81600,83200,81590,82970,82550,-70,-490,692210,5714757.56 ,514468,
NI,20160808,82970,82550,82700,84890,82110,84430,83700,1880,1150,773628,6475729.22 ,566194,
NI,20160809,84430,83700,84400,84790,83300,83790,84070,90,370,709644,5966337.41 ,568570,
NI,20160810,83790,84070,83450,84700,83100,84190,83900,120,-170,747168,6268803.46 ,574810,
NI,20160811,84190,83900,84500,85250,83090,83330,84150,-570,250,971948,8179790.88 ,587090,
NI,20160812,83330,84150,83300,83900,82600,83100,83270,-1050,-880,749318,6239611.05 ,596208,
NI,20160815,83100,83270,82080,82500,80520,80850,81430,-2420,-1840,983504,8008983.03 ,610604,
NI,20160816,80850,81430,81310,82050,81120,81490,81580,60,150,611550,4989147.80 ,604464,
NI,20160817,81490,81580,81380,81700,80660,81170,81210,-410,-370,684610,5559948.41 ,613314,
NI,20160818,81170,81210,81050,81770,80260,81440,81080,230,-130,733912,5951095.84 ,609926,
NI,20160819,81440,81080,81530,81740,80900,81540,81400,460,320,498222,4055550.48 ,614896,
NI,20160822,81540,81400,81400,82140,80500,80590,81380,-810,-20,602994,4907747.83 ,621676,
NI,20160823,80590,81380,80520,81480,80360,81110,81090,-270,-290,412270,3343231.57 ,604530,
NI,20160824,81110,81090,81270,81580,80670,80980,81130,-110,40,425210,3449848.35 ,609466,
NI,20160825,80980,81130,81120,81320,77550,78450,79090,-2680,-2040,1062506,8404081.74 ,611110,
NI,20160826,78450,79090,77900,78790,77850,78310,78450,-780,-640,466932,3663159.37 ,600286,
NI,20160829,78310,78450,78310,79280,77990,78570,78600,120,150,604124,4748527.03 ,576564,
NI,20160830,78570,78600,78610,78970,78000,78150,78560,-450,-40,356702,2802326.62 ,588174,
NI,20160831,78150,78560,77980,78710,77890,78060,78380,-500,-180,434898,3408968.07 ,586950,
NI,20160901,78060,78380,78000,79200,77980,78810,78700,430,320,531406,4182679.44 ,576764,
NI,20160902,78810,78700,78530,80480,78380,79820,79470,1120,770,731232,5811786.01 ,556138,
NI,20160905,79820,79470,80020,80840,80020,80230,80400,760,930,565786,4549172.98 ,563528,
NI,20160906,80230,80400,80370,81120,79500,81040,80380,640,-20,553620,4450026.96 ,552206,
NI,20160907,81040,80380,80910,81300,80360,80920,80840,540,460,533470,4312757.08 ,537074,
NI,20160908,80920,80840,81150,81420,80580,80980,80980,140,140,447436,3623737.16 ,541706,
NI,20160909,80980,80980,81400,81550,80850,81320,81220,340,240,426516,3464445.84 ,536068,
NI,20160912,81320,81220,81400,81460,78500,78710,80090,-2510,-1130,619392,4960784.15 ,525288,
NI,20160913,78710,80090,78820,79750,78680,79310,79200,-780,-890,416320,3297564.15 ,517318,
NI,20160914,79310,79200,79190,79500,78020,78280,78540,-920,-660,486080,3818153.95 ,514876,
NI,20160919,78280,78540,77990,79360,77960,78960,78920,420,380,256726,2026204.99 ,512880,
NI,20160920,78960,78920,79100,80700,79030,80610,79990,1690,1070,541658,4332892.92 ,507280,
NI,20160921,80610,79990,80690,80980,80110,80510,80530,520,540,398448,3208794.86 ,496404,
NI,20160922,80510,80530,80850,82560,80520,81700,81520,1170,990,652968,5323239.71 ,492808,
NI,20160923,81700,81520,82260,82650,81800,82620,82180,1100,660,446672,3671014.17 ,499040,
NI,20160926,82620,82180,82660,82850,81400,81480,82210,-700,30,541690,4453341.31 ,509732,
NI,20160927,81480,82210,81550,82730,80200,82700,81390,490,-820,713616,5808663.45 ,530618,
NI,20160928,82700,81390,82880,82980,81510,82090,82090,700,700,725532,5956160.21 ,509676,
NI,20160929,82090,82090,81920,83610,81570,81860,82630,-230,540,683474,5648100.01 ,493246,
NI,20160930,81860,82630,81800,81990,80430,81380,81310,-1250,-1320,525812,4275809.33 ,464428,
NI,20161010,81380,81310,80720,81860,80200,81660,81090,350,-220,284498,2307229.16 ,465102,
NI,20161011,81660,81090,81470,82970,81470,82840,82370,1750,1280,560184,4614435.56 ,490950,
NI,20161012,82840,82370,82490,83140,81890,82350,82440,-20,70,513218,4231298.38 ,484610,
NI,20161013,82350,82440,82760,83050,80900,81340,82160,-1100,-280,626050,5144098.25 ,492972,
NI,20161014,81340,82160,81090,82240,80720,81590,81550,-570,-610,502782,4100495.02 ,486616,
NI,20161017,81590,81550,81700,82540,81420,81820,82040,270,490,653362,5360685.74 ,497082,
NI,20161018,81820,82040,81950,82010,80850,81680,81450,-360,-590,443098,3609152.11 ,498742,
NI,20161019,81680,81450,81700,82350,80410,80700,81540,-750,90,637110,5195310.64 ,513786,
NI,20161020,80700,81540,80650,81290,79780,80750,80720,-790,-820,509984,4117074.14 ,507158,
NI,20161021,80750,80720,80400,80620,79360,79410,79970,-1310,-750,515654,4124114.68 ,538548,
NI,20161024,79410,79970,79280,80700,79080,80410,79820,440,-150,463548,3700238.88 ,518322,
NI,20161025,80410,79820,80200,81960,80200,81470,81170,1650,1350,583810,4739052.22 ,512946,
NI,20161026,81470,81170,81700,82300,80590,81050,81430,-120,260,539952,4397303.56 ,511784,
NI,20161027,81050,81430,80950,81900,80450,80980,81240,-450,-190,507290,4121264.23 ,508394,
NI,20161028,80980,81240,81600,82690,81400,82570,82190,1330,950,616094,5063679.20 ,509508,
NI,20161031,82570,82190,82650,84030,82100,83950,82810,1760,620,618874,5125140.53 ,544172,
NI,20161101,83950,82810,83910,84340,82900,83560,83600,750,790,581778,4864020.97 ,521976,
NI,20161102,83560,83600,83410,84460,81800,82310,83220,-1290,-380,676190,5627635.52 ,499476,
NI,20161103,82310,83220,82700,83470,82200,83280,82860,60,-360,375696,3113372.13 ,498794,
NI,20161104,83280,82860,83500,84100,82800,82920,83430,60,570,543200,4531997.11 ,492920,
NI,20161107,82920,83430,82980,88430,82650,87830,85890,4400,2460,1057918,9086926.73 ,530624,
NI,20161108,87830,85890,87930,90860,87050,89890,88870,4000,2980,1097124,9751173.96 ,511204,
NI,20161109,89890,88870,89450,91670,88550,90840,90190,1970,1320,1119850,10100449.78 ,506656,
NI,20161110,90840,90190,92000,95600,91500,95600,93550,5410,3360,1038744,9717808.68 ,509140,
NI,20161111,95600,93550,95800,97230,93000,96140,94730,2590,1180,1102576,10444732.98 ,484362,
NI,20161114,96140,94730,96100,99800,89040,91680,93030,-3050,-1700,1518068,14123068.56 ,399120,
NI,20161115,91680,93030,91340,94170,89490,90680,91570,-2350,-1460,870318,7970055.81 ,403730,
NI,20161116,90680,91570,90890,92800,90600,92530,91600,960,30,683878,6264936.04 ,400152,
NI,20161117,92530,91600,91830,92250,90870,91240,91550,-360,-50,582126,5329637.03 ,377758,
NI,20161118,91240,91550,91490,91850,89800,90720,90900,-830,-650,497672,4524024.35 ,366414,
NI,20161121,90720,90900,90720,91800,88010,91330,90170,430,-730,650826,5868778.87 ,356944,
NI,20161122,91330,90170,91600,94480,90770,93340,92660,3170,2490,656142,6080249.14 ,342202,
NI,20161123,93340,92660,93110,93370,92020,92970,92860,310,200,395870,3676188.70 ,335988,
NI,20161124,92970,92860,92780,96660,92350,94550,94690,1690,1830,824562,7808456.48 ,313886,
NI,20161125,96120,96340,96340,97860,95250,96700,96710,360,370,279996,2708022.76 ,334476,
NI,20161128,96700,96710,96550,99300,95600,99220,97590,2510,880,321352,3136222.64 ,370144,
NI,20161129,99220,97590,98500,99130,94100,94520,96810,-3070,-780,438106,4241352.60 ,378098,
NI,20161130,94520,96810,95010,95110,90150,91300,92440,-5510,-4370,488862,4519377.27 ,384376,
NI,20161201,91300,92440,91890,94100,91530,92980,92810,540,370,489010,4538881.66 ,399788,
NI,20161202,92980,92810,92960,93450,91500,92430,92570,-380,-240,410014,3795592.08 ,412270,
NI,20161205,92430,92570,92500,96170,92160,95440,94830,2870,2260,755494,7164820.84 ,460848,
NI,20161206,95440,94830,96200,96800,94620,95300,95680,470,850,482512,4616767.48 ,449058,
NI,20161207,95300,95680,95350,97170,94820,96790,96210,1110,530,605210,5823253.13 ,483402,
NI,20161208,96790,96210,96660,97280,94360,95110,95700,-1100,-510,578928,5540529.69 ,485072,
NI,20161209,95110,95700,95350,95700,92870,95150,94380,-550,-1320,578832,5463159.54 ,500744,
NI,20161212,95150,94380,95150,97800,94260,94460,96130,80,1750,740996,7123276.99 ,496320,
NI,20161213,94460,96130,94650,96060,94230,95960,95290,-170,-840,456780,4353100.07 ,508200,
NI,20161214,95960,95290,96230,96750,93500,96260,95690,970,400,801636,7671245.35 ,540190,
NI,20161215,96260,95690,96390,97200,94620,96130,95930,440,240,763680,7326398.12 ,531784,
NI,20161216,96130,95930,95200,96560,94720,95280,95660,-650,-270,551742,5278494.31 ,532768,
NI,20161219,95280,95660,94500,95420,93350,93390,94610,-2270,-1050,525428,4971481.58 ,534284,
NI,20161220,93390,94610,93000,93120,90830,92510,92410,-2100,-2200,601532,5559303.40 ,542136,
NI,20161221,92510,92410,92510,93400,92150,92660,92730,250,320,381176,3534936.05 ,540978,
NI,20161222,92660,92730,92490,92790,89750,90120,91420,-2610,-1310,493564,4512385.21 ,556726,
NI,20161223,90120,91420,89800,91360,89620,90150,90530,-1270,-890,459026,4156015.81 ,550220,
NI,20161226,90150,90530,89940,90420,84190,84190,86750,-6340,-3780,922890,8006804.75 ,546922,
NI,20161227,84190,86750,84320,85850,83860,85550,84760,-1200,-1990,485794,4117682.98 ,527964,
NI,20161228,85550,84760,85500,87350,85250,85820,86360,1060,1600,564542,4875726.67 ,538380,
NI,20161229,85820,86360,85850,86530,84820,86350,85890,-10,-470,467428,4014756.20 ,532506,
NI,20161230,86350,85890,85850,86350,84920,85560,85760,-330,-130,394134,3380288.38 ,534940,
NI,20170103,85560,85760,85560,87050,85500,86010,86410,250,650,269450,2328575.55 ,539812,
NI,20170104,86010,86410,86250,86460,83450,85130,84790,-1280,-1620,533246,4521438.41 ,562026,
NI,20170105,85130,84790,84710,86090,84650,85250,85410,460,620,418844,3577435.58 ,556800,
NI,20170106,85250,85410,85300,85840,84510,84810,85300,-600,-110,354012,3019872.11 ,552744,
NI,20170109,84810,85300,85050,86630,84960,86370,85830,1070,530,355704,3053086.49 ,544016,
NI,20170110,86370,85830,86180,87850,85940,87130,86770,1300,940,458082,3974789.82 ,547840,
NI,20170111,87130,86770,87560,88360,87230,87750,87810,980,1040,412296,3620751.13 ,543488,
NI,20170112,87750,87810,87310,88160,85150,85800,86590,-2010,-1220,532698,4612900.42 ,576552,
NI,20170113,85800,86590,83590,86280,83550,85510,85250,-1080,-1340,639938,5456047.48 ,624132,
NI,20170116,85510,85250,85150,87640,85110,86480,86640,1230,1390,563058,4878511.29 ,621788,
NI,20170117,86480,86640,86370,87190,84050,85220,85940,-1420,-700,507158,4358810.29 ,630830,
NI,20170118,85220,85940,85400,86190,84550,85090,85310,-850,-630,406068,3464356.43 ,629616,
NI,20170119,85090,85310,85220,85470,84600,84920,85050,-390,-260,312126,2654941.68 ,631236,
NI,20170120,84920,85050,84500,84860,81750,81780,83390,-3270,-1660,720128,6005333.88 ,686800,
NI,20170123,81780,83390,82000,83370,81800,82750,82560,-640,-830,462766,3820827.71 ,681646,
NI,20170124,82750,82560,82420,82980,81860,82430,82530,-130,-30,426562,3520662.35 ,707082,
NI,20170125,82430,82530,82650,82800,81410,81630,82180,-900,-350,406886,3344058.61 ,717612,
NI,20170126,81630,82180,81220,83170,81210,82540,82330,360,150,419980,3457873.48 ,706268,
NI,20170203,82540,82330,85800,85880,83570,84690,84660,2360,2330,352866,2987580.54 ,662236,
NI,20170206,84690,84660,84910,86480,84840,86160,85830,1500,1170,502648,4314504.73 ,663282,
NI,20170207,86160,85830,86300,86730,85700,86120,86220,290,390,314440,2711356.94 ,644114,
NI,20170208,86120,86220,86320,87110,85750,86810,86440,590,220,356268,3079805.40 ,639410,
NI,20170209,86810,86440,87050,87330,86420,86550,86970,110,530,287732,2502466.98 ,629352,
NI,20170210,86550,86970,86850,86980,85770,86750,86430,-220,-540,389706,3368520.10 ,635332,
NI,20170213,86750,86430,86980,89530,86930,89120,88530,2690,2100,548972,4860467.89 ,626844,
NI,20170214,89120,88530,89380,90260,88750,90260,89480,1730,950,411744,3684402.36 ,620518,
NI,20170215,90260,89480,90480,90790,88460,89810,89610,330,130,584512,5238171.22 ,612146,
NI,20170216,89810,89610,89760,92000,88810,90400,90510,790,900,611674,5536473.87 ,593282,
NI,20170217,90400,90510,90500,91710,89670,90690,90800,180,290,556330,5051503.69 ,585026,
NI,20170220,90690,90800,90890,91880,90050,91690,91090,890,290,474982,4327028.43 ,580536,
NI,20170221,91690,91090,91830,92550,91160,91510,91870,420,780,393138,3612040.56 ,578048,
NI,20170222,91510,91870,91660,91830,89020,89740,90310,-2130,-1560,492100,4444317.03 ,569806,
NI,20170223,89740,90310,89640,90500,88120,88590,89380,-1720,-930,423036,3781110.27 ,561394,
NI,20170224,88590,89380,88800,89230,87400,89110,88420,-270,-960,464838,4110101.88 ,539676,
NI,20170227,89110,88420,89000,91480,88560,90700,90220,2280,1800,558474,5039033.04 ,531044,
NI,20170228,90700,90220,90940,91500,90300,90690,90920,470,700,420894,3826849.00 ,510886,
NI,20170301,90690,90920,90800,91420,89180,91090,90440,170,-480,472650,4274709.33 ,506920,
NI,20170302,91090,90440,91270,91900,90620,91150,91360,710,920,391970,3581190.63 ,492452,
NI,20170303,91150,91360,90880,91030,89450,90800,90270,-560,-1090,413718,3734808.22 ,494374,
NI,20170306,90800,90270,90850,91880,90360,91040,91080,770,810,501870,4571181.53 ,490760,
NI,20170307,91040,91080,91050,91650,90520,91140,91110,60,30,348648,3176740.21 ,488124,
NI,20170308,91140,91110,91000,91090,87650,88100,89020,-3010,-2090,645388,5745510.55 ,508730,
NI,20170309,88100,89020,87980,88250,83000,84130,85410,-4890,-3610,724322,6186524.67 ,495482,
NI,20170310,84130,85410,83910,85090,83660,83690,84440,-1720,-970,401606,3391351.51 ,490852,
NI,20170313,83690,84440,83850,84790,82080,84070,83480,-370,-960,660964,5518083.53 ,488520,
NI,20170314,84070,83480,84160,85350,83500,83980,84590,500,1110,481678,4074927.72 ,472350,
NI,20170315,83980,84590,84200,85550,83360,84980,84670,390,80,429164,3634086.43 ,474100,
NI,20170316,84980,84670,85080,85950,84780,85510,85380,840,710,406986,3475058.03 ,459520,
NI,20170317,85510,85380,85480,85500,84120,84460,84810,-920,-570,385452,3269213.49 ,468854,
NI,20170320,84460,84810,84820,85540,84310,84450,84930,-360,120,347232,2949312.75 ,448864,
NI,20170321,84450,84930,84450,85180,83650,84300,84440,-630,-490,353398,2984200.27 ,444418,
NI,20170322,84300,84440,84190,84960,82310,82440,83570,-2000,-870,382710,3198503.11 ,441206,
NI,20170323,82440,83570,82500,83700,81880,82990,82860,-580,-710,310120,2569897.30 ,414302,
NI,20170324,82990,82860,82810,83270,82000,82510,82710,-350,-150,245506,2030769.87 ,424832,
NI,20170327,82510,82710,82400,82900,79560,80320,81260,-2390,-1450,453520,3685382.09 ,413042,
NI,20170328,80320,81260,80500,81740,80000,80930,80890,-330,-370,295030,2386660.24 ,377206,
NI,20170329,80930,80890,80900,82750,80600,82550,81900,1660,1010,316094,2588830.92 ,356792,
NI,20170330,82550,81900,82400,83310,81900,82320,82540,420,640,261944,2162340.40 ,329242,
NI,20170331,82320,82540,82410,83600,82330,83070,83020,530,480,300254,2492951.51 ,306474,
NI,20170405,84860,84760,84600,86470,84500,86000,85700,1240,940,163730,1403213.07 ,375432,
NI,20170406,86000,85700,86250,86800,85900,86440,86390,740,690,284120,2454688.60 ,405962,
NI,20170407,86440,86390,86750,86980,83370,83970,84990,-2420,-1400,531658,4518777.04 ,408378,
NI,20170410,83970,84990,84000,86000,83460,85050,85040,60,50,414178,3522514.04 ,409842,
NI,20170411,85050,85040,85300,85580,84260,85230,85010,190,-30,453556,3855992.44 ,408738,
NI,20170412,85230,85010,85130,85600,81300,81620,83040,-3390,-1970,705532,5858855.79 ,436898,
NI,20170413,81620,83040,81600,82590,80930,81930,81950,-1110,-1090,447192,3664949.78 ,441640,
NI,20170414,81930,81950,81710,82360,80510,80680,81430,-1270,-520,440766,3589383.68 ,470056,
NI,20170417,80680,81430,80700,81900,80260,80690,81080,-740,-350,444438,3603639.25 ,478168,
NI,20170418,80690,81080,80800,81490,80010,80240,80850,-840,-230,387188,3130551.64 ,491098,
NI,20170419,80240,80850,80180,80230,77990,79200,78880,-1650,-1970,559702,4415380.53 ,490114,
NI,20170420,79200,78880,79350,79990,78050,79680,78990,800,110,488442,3858231.40 ,483408,
NI,20170421,79680,78990,79350,80390,79160,79540,79700,550,710,452068,3603021.13 ,502128,
NI,20170424,79540,79700,79700,79700,78130,78790,78810,-910,-890,436284,3438407.40 ,522788,
NI,20170425,78790,78810,78570,78970,77500,77800,78110,-1010,-700,481430,3760738.12 ,555880,
NI,20170426,77800,78110,77860,78490,77600,77990,78110,-120,0,364990,2851252.29 ,554322,
NI,20170427,77990,78110,78050,78500,77360,77920,77940,-190,-170,409656,3192971.53 ,578378,
NI,20170428,77920,77940,77800,79680,77400,79300,78580,1360,640,503414,3956257.26 ,578682,
NI,20170502,79300,78580,79600,80470,79420,80030,80070,1450,1490,206474,1653406.43 ,577706,
NI,20170503,80030,80070,80010,80320,79130,79380,79760,-690,-310,284020,2265400.78 ,589762,
NI,20170504,79380,79760,78800,78800,75500,76270,77380,-3490,-2380,595228,4606384.53 ,590332,
NI,20170505,76270,77380,76020,76270,74720,74820,75440,-2560,-1940,457438,3450965.89 ,595164,
NI,20170508,74820,75440,75090,76880,75080,75730,75960,290,520,515838,3918702.54 ,575992,
NI,20170509,75730,75960,76090,76680,75800,76490,76300,530,340,306394,2337835.81 ,569112,
NI,20170510,76490,76300,76800,77450,76020,76400,76860,100,560,386648,2971808.12 ,561256,
NI,20170511,76400,76860,76800,77250,75410,77130,76270,270,-590,467742,3567539.85 ,555338,
NI,20170512,77130,76270,77580,77700,76560,76990,77010,720,740,356894,2748774.12 ,545076,
NI,20170515,76990,77010,77460,77770,76630,77340,77190,330,180,390452,3014039.82 ,547126,
NI,20170516,77340,77190,77470,77750,75830,76600,76760,-590,-430,466560,3581677.25 ,562082,
NI,20170517,76600,76760,76210,77280,76210,76870,76700,110,-60,422786,3242901.72 ,562424,
NI,20170518,76870,76700,76750,77190,74710,75510,76070,-1190,-630,377374,2870847.02 ,569318,
NI,20170519,75510,76070,75230,76600,75180,76020,76040,-50,-30,403380,3067344.71 ,561034,
NI,20170522,76020,76040,76550,78500,76390,77850,77850,1810,1810,593256,4619043.16 ,551926,
NI,20170523,77850,77850,78150,78580,77500,77630,78080,-220,230,360972,2818661.65 ,550136,
NI,20170524,77630,78080,77750,77960,75800,76270,77050,-1810,-1030,409382,3154440.11 ,558144,
NI,20170525,76270,77050,76340,76540,75560,75920,76040,-1130,-1010,361662,2750139.65 ,556452,
NI,20170526,75920,76040,75790,76200,74990,75200,75520,-840,-520,406772,3072195.33 ,556952,
NI,20170531,75200,75520,75200,75980,72760,72950,74050,-2570,-1470,348308,2579410.24 ,561388,
NI,20170601,72950,74050,72930,73850,72620,73160,73220,-890,-830,310184,2271351.18 ,548410,
NI,20170602,73160,73220,73170,73460,71980,72080,72630,-1140,-590,365946,2658075.51 ,559806,
NI,20170605,72080,72630,72020,73660,71940,73110,73000,480,370,367468,2682525.40 ,536734,
NI,20170606,73110,73000,73010,73450,72700,72980,73110,-20,110,255328,1866756.03 ,534422,
NI,20170607,72980,73110,72900,74100,72760,73480,73490,370,380,374820,2754732.26 ,527134,
NI,20170608,73480,73490,73480,73770,72080,73200,72860,-290,-630,436998,3184181.25 ,530542,
NI,20170609,73200,72860,73010,73340,72610,72900,72940,40,80,276698,2018439.38 ,542244,
NI,20170612,72900,72940,73200,74380,73080,73880,73880,940,940,381494,2818633.12 ,529994,
NI,20170613,73880,73880,73880,73890,72230,72540,72830,-1340,-1050,360684,2626941.66 ,554638,
NI,20170614,72540,72830,72430,73380,71520,73190,72590,360,-240,397314,2884476.65 ,543000,
NI,20170615,73190,72590,73090,73690,72500,73300,73170,710,580,356100,2605777.95 ,528834,
NI,20170616,73300,73170,73250,74100,72850,73600,73500,430,330,321092,2360085.83 ,518076,
NI,20170619,73600,73500,73790,74200,72770,73900,73620,400,120,332320,2446572.01 ,512002,
NI,20170620,73900,73620,74050,75300,73880,74740,74750,1120,1130,457316,3418469.55 ,511608,
NI,20170621,74740,74750,74360,74560,73130,74120,73740,-630,-1010,368790,2719617.26 ,517316,
NI,20170622,74120,73740,74250,74680,73620,73840,74290,100,550,316972,2354786.66 ,513356,
NI,20170623,73840,74290,74150,75690,73990,75570,74910,1280,620,452686,3391174.53 ,534972,
NI,20170626,75570,74910,75600,75630,74910,75340,75270,430,360,277286,2087226.32 ,517078,
NI,20170627,75340,75270,75350,75480,74450,75270,74940,0,-330,314670,2358321.94 ,510660,
NI,20170628,75270,74940,75270,76220,75210,75890,75800,950,860,350184,2654497.81 ,498600,
NI,20170629,75890,75800,75710,76950,75460,76790,76330,990,530,392876,2998869.11 ,510358,
NI,20170630,76790,76330,76700,77000,75810,76650,76470,320,140,305508,2336323.63 ,502622,
NI,20170703,76650,76470,76570,77670,76330,77240,77010,770,540,333600,2569117.78 ,498830,
NI,20170704,77240,77010,77330,77400,74900,75200,76150,-1810,-860,418318,3185762.98 ,482308,
NI,20170705,75200,76150,75120,75850,74980,75250,75420,-900,-730,251716,1898552.72 ,473228,
NI,20170706,75250,75420,74930,75400,74520,75210,74950,-210,-470,260996,1956425.77 ,471974,
NI,20170707,75210,74950,75080,75370,74020,74650,74680,-300,-270,294290,2198050.42 ,481046,
NI,20170710,74650,74680,74300,74530,73330,73550,73920,-1130,-760,351594,2599010.12 ,494450,
NI,20170711,73550,73920,73380,74550,73010,74390,73900,470,-20,314240,2322336.57 ,482330,
NI,20170712,74390,73900,74270,76080,74200,75800,75360,1900,1460,421320,3175296.04 ,469406,
NI,20170713,75800,75360,75800,76420,75450,76220,76030,860,670,326082,2479374.54 ,477912,
NI,20170714,76220,76030,76110,76850,75300,76640,76020,610,-10,405906,3086064.68 ,493560,
NI,20170717,76640,76020,77020,79520,76930,79150,78420,3130,2400,606574,4757326.45 ,509946,
NI,20170718,79150,78420,79220,79990,78500,78970,79350,550,930,442626,3512372.05 ,492454,
NI,20170719,78970,79350,79150,80120,79020,79780,79630,430,280,413118,3289891.03 ,483370,
NI,20170720,79780,79630,80050,80110,78540,78900,79240,-730,-390,397550,3150256.64 ,459674,
NI,20170721,78900,79240,78930,79090,77500,78630,78240,-610,-1000,404482,3164877.05 ,439770,
NI,20170724,78630,78240,78950,79490,77550,78950,78640,710,400,430372,3384728.90 ,437622,
NI,20170725,78950,78640,78940,81260,78920,81120,80050,2480,1410,554328,4437764.46 ,459916,
NI,20170726,81120,80050,81300,82500,80550,80920,81500,870,1450,582920,4750884.91 ,409040,
NI,20170727,80920,81500,81300,81970,80720,81800,81490,300,-10,411584,3354000.42 ,388900,
NI,20170728,81800,81490,82050,82850,81100,82380,82210,890,720,508494,4180637.90 ,365492,
NI,20170731,82380,82210,82850,83890,82280,83000,83100,790,890,434380,3609736.27 ,334618,
NI,20170801,83000,83100,82800,83300,81530,81970,82380,-1130,-720,376464,3101578.90 ,312194,
NI,20170802,81970,82380,82340,83070,81710,82120,82400,-260,20,334746,2758488.62 ,296054,
NI,20170803,83570,83860,83750,85860,83650,84060,84800,200,940,347622,2947890.19 ,322512,
NI,20170804,84060,84800,84300,85400,84150,85120,84810,320,10,251036,2129173.45 ,339208,
NI,20170807,85120,84810,85140,85600,83460,84950,84480,140,-330,447828,3783568.19 ,364612,
NI,20170808,84950,84480,84940,85490,84030,84300,84830,-180,350,426502,3618420.36 ,382076,
NI,20170809,84300,84830,84510,88720,84200,88060,86880,3230,2050,797146,6926189.55 ,440984,
NI,20170810,88060,86880,88100,88350,87390,87940,87940,1060,1060,430670,3787731.01 ,444146,
NI,20170811,87940,87940,87920,89350,86170,86650,87880,-1290,-60,743956,6538281.70 ,439030,
NI,20170814,86650,87880,86750,87330,85800,86190,86630,-1690,-1250,434792,3766790.29 ,445486,
NI,20170815,86190,86630,86030,86100,84320,85410,85220,-1220,-1410,502432,4282128.88 ,446978,
NI,20170816,85410,85220,85100,85800,84560,85380,85110,160,-110,466886,3973892.55 ,462362,
NI,20170817,85380,85110,86180,88460,86100,87940,87650,2830,2540,748108,6557339.00 ,484210,
NI,20170818,87940,87650,87590,88300,86510,88090,87640,440,-10,559800,4906512.16 ,497772,
NI,20170821,88090,87640,88350,91570,88020,91030,89880,3390,2240,1074542,9658297.99 ,512342,
NI,20170822,91030,89880,91400,92500,91020,92480,91680,2600,1800,646120,5923761.77 ,524528,
NI,20170823,92480,91680,93200,93400,90770,92230,92090,550,410,855648,7880134.85 ,517910,
NI,20170824,92230,92090,92780,94980,92160,94000,93870,1910,1780,935532,8781933.60 ,522940,
NI,20170825,94000,93870,94120,94870,93500,94280,94200,410,330,633788,5970811.08 ,514296,
NI,20170828,94280,94200,94130,94260,91630,93520,92830,-680,-1370,791342,7346254.76 ,510978,
NI,20170829,93520,92830,93490,95400,92860,94070,94460,1240,1630,907194,8569560.72 ,523110,
NI,20170830,94070,94460,94600,95070,92710,93440,93800,-1020,-660,775834,7278059.87 ,514760,
NI,20170831,93440,93800,93000,93780,92440,93610,93070,-190,-730,656318,6108540.13 ,522766,
NI,20170901,93610,93070,93700,95120,93320,94650,94200,1580,1130,656320,6182617.28 ,545594,
NI,20170904,94650,94200,95210,97720,94220,96300,95970,2100,1770,808516,7760046.18 ,544964,
NI,20170905,96300,95970,96380,96910,95850,96730,96450,760,480,464864,4484077.11 ,548606,
NI,20170906,96730,96450,96480,96700,94000,94900,95360,-1550,-1090,778090,7420382.67 ,525196,
NI,20170907,94900,95360,95100,97070,94480,95410,95740,50,380,802680,7685007.46 ,536370,
NI,20170908,95410,95740,95410,96470,92230,92750,94600,-2990,-1140,1106122,10464081.41 ,530408,
NI,20170911,92750,94600,92500,92570,89190,91230,90530,-3370,-4070,1158076,10484131.43 ,507256,
NI,20170912,91230,90530,91390,92780,91080,92100,91900,1570,1370,855572,7863521.17 ,513386,
NI,20170913,92100,91900,91490,93850,91100,92370,92780,470,880,952540,8837821.03 ,516216,
NI,20170914,92370,92780,91230,91850,88300,88400,90160,-4380,-2620,1317614,11879656.40 ,517240,
NI,20170915,88400,90160,89420,89480,87380,87760,88610,-2400,-1550,921470,8165540.99 ,501614,
NI,20170918,87760,88610,87530,88880,85650,88530,87640,-80,-970,1220366,10696105.13 ,489962,
NI,20170919,88530,87640,88530,89180,87000,87400,88350,-240,710,904102,7987891.68 ,496876,
NI,20170920,87400,88350,87350,90560,86400,89920,88650,1570,300,1095548,9712817.89 ,500052,
NI,20170921,89920,88650,90200,90800,87470,87960,89170,-690,520,1049908,9362039.26 ,489486,
NI,20170922,87960,89170,87570,88890,83810,83810,86020,-5360,-3150,1145464,9853796.05 ,530674,
NI,20170925,83810,86020,84010,84890,83050,84060,83950,-1960,-2070,610436,5125001.71 ,491886,
NI,20170926,84060,83950,83800,85470,83710,84530,84670,580,720,456260,3863181.88 ,472920,
NI,20170927,84530,84670,84100,85520,83820,84980,84650,310,-20,451702,3823807.00 ,476148,
NI,20170928,84980,84650,85040,85190,82500,83510,83570,-1140,-1080,574776,4803498.36 ,479662,
NI,20170929,83510,83570,83500,85280,83280,84800,84470,1230,900,423764,3579845.62 ,430448,
NI,20171009,84800,84470,85500,87530,85380,87290,86540,2820,2070,286030,2475365.58 ,441240,
NI,20171010,87290,86540,87310,88460,86700,87400,87730,860,1190,474880,4166512.32 ,468904,
NI,20171011,87400,87730,87650,88420,86530,87970,87810,240,80,445716,3914170.01 ,469048,
NI,20171012,87970,87810,88050,90980,87040,90420,89370,2610,1560,548782,4904902.38 ,480042,
NI,20171013,90420,89370,90230,92370,90030,92290,91390,2920,2020,403930,3691827.86 ,465920,
NI,20171016,92290,91390,93020,93950,91850,93430,92950,2040,1560,522072,4853118.11 ,467186,
NI,20171017,93430,92950,94000,95350,92930,93400,94240,450,1290,649058,6116925.82 ,469172,
NI,20171018,93400,94240,93700,94790,92720,94710,93900,470,-340,492036,4620279.35 ,467996,
NI,20171019,94710,93900,94610,95610,92930,94290,94240,390,340,720048,6785809.13 ,502384,
NI,20171020,94290,94240,94100,97680,93430,97650,95330,3410,1090,584724,5574388.15 ,517902,
NI,20171023,97650,95330,97450,97750,93680,94800,95290,-530,-40,699144,6662299.91 ,493476,
NI,20171024,94800,95290,95000,96590,94300,96390,95750,1100,460,467980,4480977.19 ,488414,
NI,20171025,96390,95750,96450,97280,94880,95490,96120,-260,370,463142,4452091.40 ,481718,
NI,20171026,95490,96120,95740,96290,95070,95600,95630,-520,-490,350534,3352448.13 ,460594,
NI,20171027,95600,95630,95680,95900,92220,92540,93890,-3090,-1740,560272,5260906.29 ,480432,
NI,20171030,92540,93890,91940,93400,91760,92630,92620,-1260,-1270,385454,3570386.09 ,438826,
NI,20171031,92630,92620,92830,95360,92620,95210,93720,2590,1100,441586,4138968.52 ,471036,
NI,20171101,95210,93720,95100,99340,94760,99340,96250,5620,2530,283060,2724467.66 ,442476,
NI,20171102,99340,96250,101100,102650,99880,101450,101010,5200,4760,693742,7007584.09 ,496556,
NI,20171103,101450,101010,100990,101860,99020,101320,100700,310,-310,602778,6070459.65 ,463650,
NI,20171106,101320,100700,101150,103420,100000,103230,101740,2530,1040,539920,5493329.28 ,490642,
NI,20171107,103230,101740,103220,103290,101860,102930,102640,1190,900,392152,4025435.43 ,454628,
NI,20171108,102930,102640,102630,102670,100200,101130,101320,-1510,-1320,493738,5002715.87 ,459324,
NI,20171109,101130,101320,100990,101870,98330,99110,100340,-2210,-980,520504,5223046.53 ,425388,
NI,20171110,99110,100340,98680,99850,97930,99120,99020,-1220,-1320,367614,3640442.46 ,382180,
NI,20171113,99890,99620,100170,100690,98000,100610,99440,990,-180,569746,5665948.27 ,432102,
NI,20171114,100610,99440,100300,102090,98980,99610,100700,170,1260,722264,7273909.00 ,460264,
NI,20171115,99610,100700,99600,100250,94650,94650,96590,-6050,-4110,1020166,9853873.97 ,415680,
NI,20171116,94650,96590,94060,94940,93810,94060,94380,-2530,-2210,555910,5246717.27 ,440942,
NI,20171117,94060,94380,94280,95200,92550,92750,93630,-1630,-750,729388,6829926.84 ,446794,
NI,20171120,92750,93630,92980,94200,92720,93850,93490,220,-140,562330,5257276.91 ,450508,
NI,20171121,93850,93490,93780,95040,92770,94270,94230,780,740,744220,7012833.23 ,452852,
NI,20171122,94270,94230,94400,95880,94220,95010,95070,780,840,694380,6602149.39 ,453118,
NI,20171123,95010,95070,94800,96590,94060,94220,95660,-850,590,737944,7059808.45 ,459164,
NI,20171124,94220,95660,94370,97090,93100,96880,95500,1220,-160,766624,7321711.18 ,477402,
NI,20171127,96880,95500,96810,97510,93340,94050,95730,-1450,230,820532,7855753.06 ,468650,
NI,20171128,94050,95730,93980,94370,91340,92110,92860,-3620,-2870,856704,7955911.69 ,505722,
NI,20171129,92110,92860,92050,92850,90820,91710,91990,-1150,-870,750210,6901801.87 ,520318,
NI,20171130,91710,91990,91590,92470,90110,91070,91560,-920,-430,882386,8079837.33 ,522160,
NI,20171201,91070,91560,91300,91590,89570,90150,90600,-1410,-960,828688,7508540.17 ,536670,
NI,20171204,90150,90600,89660,92680,89660,92370,91450,1770,850,1098330,10044387.58 ,540244,
NI,20171205,92370,91450,92370,92860,90130,90450,91580,-1000,130,880782,8066813.99 ,541806,
NI,20171206,90450,91580,90400,90510,87410,88000,88600,-3580,-2980,1073438,9511444.52 ,541218,
NI,20171207,88000,88600,88000,88580,86890,87410,87830,-1190,-770,727326,6388241.27 ,545794,
NI,20171208,87410,87830,87550,89510,87540,89120,88680,1290,850,847188,7513616.06 ,548842,
NI,20171211,89120,88680,89200,89550,87600,87850,88460,-830,-220,826928,7315192.29 ,558502,
NI,20171212,87850,88460,88160,90390,87950,89610,89460,1150,1000,827532,7403379.67 ,548384,
NI,20171213,89610,89460,89850,90500,88360,89820,89630,360,170,715744,6415842.00 ,547330,
NI,20171214,89820,89630,89900,90950,88610,89210,89810,-420,180,793088,7122755.44 ,549136,
NI,20171215,89210,89810,89450,90480,89390,90110,89980,300,170,609468,5484168.05 ,543076,
NI,20171218,90110,89980,90380,94340,90100,93740,92660,3760,2680,1246374,11549416.61 ,533474,
NI,20171219,93740,92660,93800,95740,93290,94650,94660,1990,2000,879420,8325323.09 ,530108,
NI,20171220,94650,94660,94800,95350,94250,95130,94880,470,220,638360,6056805.86 ,535476,
NI,20171221,95130,94880,95730,96990,95150,95740,95930,860,1050,876622,8409794.48 ,536736,
NI,20171222,95740,95930,96110,96280,94520,95890,95620,-40,-310,704014,6732142.22 ,529120,
NI,20171225,95890,95620,95940,97650,94800,95060,96480,-560,860,795058,7670951.25 ,529004,
NI,20171226,95060,96480,95080,95830,94020,95630,94850,-850,-1630,587488,5572631.27 ,526066,
NI,20171227,95630,94850,95720,96190,93900,94590,95060,-260,210,650904,6187736.54 ,518078,
NI,20171228,94590,95060,94940,97480,94480,96810,95990,1750,930,874524,8395309.51 ,539596,
NI,20171229,96810,95990,96560,97610,96160,96870,96880,880,890,799816,7749209.30 ,506260,
NI,20180102,96870,96880,99000,99470,98080,99170,98750,2290,1870,410050,0,529614,23354
NI,20180103,99170,98750,99820,99980,98260,98620,99150,-130,400,620810,0,515014,-14600
NI,20180104,98620,99150,98690,99200,97210,99180,98100,30,-1050,725542,0,514988,-26
NI,20180105,99180,98100,99540,99640,97870,98580,98820,480,720,682494,0,499422,-15566
NI,20180108,98580,98820,98340,98710,97000,98490,98030,-330,-790,659222,0,477646,-21776
NI,20180109,98490,98030,98330,99750,98140,99380,99140,1350,1110,576140,0,504024,26378
NI,20180110,99380,99140,99240,100900,98910,100420,100340,1280,1200,806584,0,532080,28056
NI,20180111,100420,100340,102000,102380,100710,101430,101350,1090,1010,599622,0,535222,3142
NI,20180112,101430,101350,101250,101500,98600,99570,99790,-1780,-1560,783130,0,481772,-53450
NI,20180115,99570,99790,99250,100660,98500,100210,99550,420,-240,733326,0,500056,18284
NI,20180116,100210,99550,100350,100480,97720,97810,99190,-1740,-360,802706,0,481932,-18124
NI,20180117,97810,99190,96980,97970,96390,96950,97200,-2240,-1990,740004,0,470912,-11020
NI,20180118,96950,97200,96880,97440,96500,96780,97020,-420,-180,584154,0,471862,950
NI,20180119,96780,97020,97060,97800,95700,96830,96770,-190,-250,792194,0,450508,-21354
NI,20180122,96830,96770,97500,98860,97080,98540,98040,1770,1270,757364,0,460512,10004
NI,20180123,98540,98040,98680,99760,97110,99720,98480,1680,440,852496,0,475008,14496
NI,20180124,99720,98480,99230,99810,98270,98640,99150,160,670,805358,0,473946,-1062
NI,20180125,98640,99150,99980,105090,99560,104740,102580,5590,3430,1384708,0,585362,111416
NI,20180126,104740,102580,104360,104750,103280,104360,104090,1780,1510,888200,0,599144,13782
NI,20180129,104360,104090,104730,107050,103620,105920,105210,1830,1120,1132986,0,617980,18836
NI,20180130,105920,105210,105800,106100,103310,103780,104890,-1430,-320,965772,0,570366,-47614
NI,20180131,103780,104890,104000,104460,101550,102620,102670,-2270,-2220,1136170,0,520118,-50248
NI,20180201,102620,102670,102750,103150,101620,102090,102420,-580,-250,860566,0,502610,-17508
NI,20180202,102090,102420,102260,105780,102210,104530,104250,2110,1830,1090262,0,522146,19536
NI,20180205,104530,104250,104400,104490,100000,102190,102030,-2060,-2220,1587594,0,491826,-30320
NI,20180206,102190,102030,102480,104240,100530,101260,102380,-770,350,1515994,0,483786,-8040
NI,20180207,101260,102380,101380,103260,100850,102260,102000,-120,-380,1224438,0,475210,-8576
NI,20180208,102260,102000,102090,102480,99220,100470,100790,-1530,-1210,1438336,0,448810,-26400
NI,20180209,100470,100790,100460,101180,98420,98770,100120,-2020,-670,1215786,0,443252,-5558
NI,20180212,98770,100120,99000,100300,97770,99820,99100,-300,-1020,590974,0,454368,11116
NI,20180213,99820,99100,99620,101230,99340,100870,100320,1770,1220,444774,0,438146,-16222
NI,20180214,100870,100320,101220,103500,100750,103490,102340,3170,2020,447314,0,421808,-16338
NI,20180222,103490,102340,103860,104000,101900,102840,102910,500,570,216024,0,417206,-4602
NI,20180223,102840,102910,103170,105370,102910,104950,104720,2040,1810,519170,0,483238,66032
NI,20180226,104950,104720,105200,105580,103680,105470,104950,750,230,527612,0,496642,13404
NI,20180227,105470,104950,105600,106590,104300,106000,105410,1050,460,536948,0,520620,23978
NI,20180228,106000,105410,105680,105860,103820,105010,104970,-400,-440,511922,0,496072,-24548
NI,20180301,105010,104970,104950,105380,103490,104780,104490,-190,-480,519416,0,491184,-4888
NI,20180302,104780,104490,103630,103870,101680,102180,102710,-2310,-1780,619302,0,501914,10730
NI,20180305,102180,102710,102210,102890,101440,101440,102190,-1270,-520,459628,0,483776,-18138
NI,20180306,101440,102190,101560,102830,100650,102410,101810,220,-380,515210,0,505504,21728
NI,20180307,102410,101810,102930,103530,102050,102060,102860,250,1050,436148,0,471720,-33784
NI,20180308,102060,102860,101770,102800,100450,100730,101820,-2130,-1040,460718,0,482830,11110
NI,20180309,100730,101820,100730,101010,99770,100420,100370,-1400,-1450,522806,0,450238,-32592
NI,20180312,100420,100370,101210,105020,100870,103640,102960,3270,2590,620518,0,458634,8396
NI,20180313,103640,102960,103760,104490,103020,103440,103780,480,820,390078,0,430464,-28170
NI,20180314,103440,103780,104250,104660,103520,104350,104120,570,340,364044,0,436226,5762
NI,20180315,104350,104120,104660,104800,102630,103300,103590,-820,-530,357574,0,418816,-17410
NI,20180316,103300,103590,103040,103320,101760,103220,102500,-370,-1090,350406,0,413476,-5340
NI,20180319,103220,102500,103200,103520,101360,101690,102200,-810,-300,374786,0,406490,-6986
NI,20180320,101690,102200,101620,102460,100600,102280,101610,80,-590,340770,0,386736,-19754
NI,20180321,102280,101610,102320,102350,100800,101020,101400,-590,-210,340766,0,384598,-2138
NI,20180322,101020,101400,100770,102690,99480,101200,101090,-200,-310,418026,0,379546,-5052
NI,20180323,101200,101090,100800,101170,96900,97990,98880,-3100,-2210,572852,0,378590,-956
NI,20180326,97990,98880,98060,99300,95850,95900,97570,-2980,-1310,418588,0,313838,-64752
NI,20180327,95900,97570,95900,97980,95470,97210,96860,-360,-710,289280,0,295274,-18564
NI,20180328,97680,97330,97500,97980,96150,96600,97050,-730,-280,1070228,0,296774,19150
NI,20180329,96600,97050,96990,98850,96520,98810,97310,1760,260,1322386,0,324542,27768
NI,20180330,98810,97310,98800,99890,98150,99800,98920,2490,1610,1171256,0,322588,-1954
NI,20180402,99800,98920,99710,101960,99520,100470,100750,1550,1830,1347636,0,315644,-6944
NI,20180403,100470,100750,100500,101130,99700,100790,100490,40,-260,1204770,0,331826,16182
NI,20180404,100790,100490,100870,101330,100060,100350,100480,-140,-10,1102936,0,321348,-10478
NI,20180409,100350,100480,99730,100450,97920,99630,98850,-850,-1630,816064,0,320082,-1266
NI,20180410,99630,98850,99550,101530,99260,100930,100430,2080,1580,1370952,0,327786,7704
NI,20180411,100930,100430,101940,102250,100950,101670,101640,1240,1210,1267790,0,326776,-1010
NI.SHF,2018/04/12,101670.0,101610.0,102840.0,100700.0,102150.0,1769138.0,1.8008722106e+11,None,510.0,0.501770956316,2.10484902134,101793.766829,339296.0,12520.0,101640.0,101790.0,150.0,0.147579693034,2018/04/12,2018/04/12
NI.SHF,2018/04/13,102150.0,101500.0,104440.0,101260.0,103760.0,1708386.0,1.753913881e+11,None,1970.0,1.93535710777,3.11306901615,102664.964534,361512.0,22216.0,101790.0,102660.0,870.0,0.854700854701,2018/04/13,2018/04/13
NI.SHF,2018/04/16,103760.0,104080.0,104700.0,102840.0,104350.0,1389812.0,1.4410294274e+11,None,1690.0,1.64621079291,1.79259830378,103685.205438,371574.0,10062.0,102660.0,103680.0,1020.0,0.993571011105,2018/04/16,2018/04/16
NI.SHF,2018/04/17,104350.0,104500.0,105000.0,103220.0,103800.0,1400604.0,1.4564730598e+11,None,120.0,0.115740740741,1.70579779588,103988.926192,341266.0,-30308.0,103680.0,103980.0,300.0,0.289351851852,2018/04/17,2018/04/17
NI.SHF,2018/04/18,103800.0,103000.0,105200.0,102570.0,104750.0,1738750.0,1.803569817e+11,None,770.0,0.740527024428,2.53371868979,103727.954968,389436.0,48170.0,103980.0,103720.0,-260.0,-0.25004808617,2018/04/18,2018/04/18
NI.SHF,2018/04/19,104750.0,107470.0,109790.0,106210.0,108120.0,2273952.0,2.4487089728e+11,None,4400.0,4.24219051292,3.41766109785,107685.165421,394460.0,5024.0,103720.0,107680.0,3960.0,3.81797146163,2018/04/19,2018/04/19
NI.SHF,2018/04/20,108120.0,106600.0,106900.0,103810.0,104260.0,1038092.0,1.0948172994e+11,None,-3420.0,-3.17607726597,2.85793562708,105464.380749,351900.0,-42560.0,107680.0,105460.0,-2220.0,-2.06166419019,2018/04/20,2018/04/20
NI.SHF,2018/04/23,104260.0,104350.0,105490.0,103740.0,104930.0,795386.0,83203981060.0,None,-530.0,-0.502560212403,1.67849606752,104608.304722,338778.0,-13122.0,105460.0,104600.0,-860.0,-0.815475061635,2018/04/23,2018/04/23
NI.SHF,2018/04/24,104930.0,102650.0,104450.0,102000.0,103330.0,774652.0,80087737280.0,None,-1270.0,-1.21414913958,2.33488992662,103385.439242,296626.0,-42152.0,104600.0,103380.0,-1220.0,-1.16634799235,2018/04/24,2018/04/24
NI.SHF,2018/04/25,103330.0,103500.0,104500.0,103030.0,103300.0,654302.0,67914310540.0,None,-80.0,-0.077384407042,1.42262653634,103796.580998,296266.0,-360.0,103380.0,103790.0,410.0,0.39659508609,2018/04/25,2018/04/25
NI.SHF,2018/04/26,103300.0,103500.0,103980.0,102830.0,103350.0,551602.0,57033215240.0,None,-440.0,-0.423932941517,1.11326234269,103395.591822,291750.0,-4516.0,103790.0,103390.0,-400.0,-0.385393583197,2018/04/26,2018/04/26
NI.SHF,2018/04/27,103350.0,103100.0,104970.0,102930.0,104740.0,753250.0,78541201100.0,None,1350.0,1.30573556437,1.97387518142,104269.765815,278730.0,-13020.0,103390.0,104260.0,870.0,0.84147403037,2018/04/27,2018/04/27
NI.SHF,2018/05/02,104740.0,103850.0,105300.0,103280.0,105100.0,367426.0,38335610400.0,None,840.0,0.805678112411,1.92858506779,104335.595195,293928.0,15198.0,104260.0,104330.0,70.0,0.0671398427009,2018/05/02,2018/05/02
NI.SHF,2018/05/03,105100.0,104990.0,105690.0,104220.0,104760.0,521086.0,54684323180.0,None,430.0,0.412153742931,1.3986679353,104942.990562,290706.0,-3222.0,104330.0,104940.0,610.0,0.584683216716,2018/05/03,2018/05/03
NI.SHF,2018/05/04,104760.0,105000.0,105280.0,103400.0,103910.0,554832.0,57774151220.0,None,-1030.0,-0.981513245664,1.79457808324,104129.089923,287648.0,-3058.0,104940.0,104120.0,-820.0,-0.781398894606,2018/05/04,2018/05/04
NI.SHF,2018/05/07,103910.0,103810.0,104920.0,103130.0,104560.0,574322.0,59809748760.0,None,440.0,0.422589320015,1.72264459629,104139.748712,302144.0,14496.0,104120.0,104130.0,10.0,0.00960430272762,2018/05/07,2018/05/07
NI.SHF,2018/05/08,104560.0,104790.0,105850.0,103870.0,105160.0,566508.0,59408042620.0,None,1030.0,0.989148180159,1.89364957919,104867.085054,321420.0,19276.0,104130.0,104860.0,730.0,0.701046768462,2018/05/08,2018/05/08
NI.SHF,2018/05/09,105160.0,104760.0,105080.0,103350.0,103900.0,636528.0,66284899820.0,None,-960.0,-0.915506389472,1.64511220997,104135.088826,306236.0,-15184.0,104860.0,104130.0,-730.0,-0.696166316994,2018/05/09,2018/05/09
NI.SHF,2018/05/10,103900.0,103990.0,104760.0,103520.0,103770.0,564144.0,58778621860.0,None,-360.0,-0.345721694036,1.19345524543,104190.812736,304732.0,-1504.0,104130.0,104190.0,60.0,0.0576202823394,2018/05/10,2018/05/10
NI.SHF,2018/05/11,103770.0,104250.0,104480.0,103620.0,103920.0,506926.0,52744884540.0,None,-270.0,-0.259141952203,0.828755902477,104048.489405,304252.0,-480.0,104190.0,104040.0,-150.0,-0.143967751224,2018/05/11,2018/05/11
NI.SHF,2018/05/14,103920.0,104340.0,106750.0,104110.0,106490.0,753232.0,79367346860.0,None,2450.0,2.35486351403,2.54041570439,105369.058749,351634.0,47382.0,104040.0,105360.0,1320.0,1.26874279123,2018/05/14,2018/05/14
NI.SHF,2018/05/15,106490.0,106670.0,107840.0,106240.0,107150.0,685050.0,73346136340.0,None,1790.0,1.69893697798,1.50248849657,107066.836494,348032.0,-3602.0,105360.0,107060.0,1700.0,1.61351556568,2018/05/15,2018/05/15
NI.SHF,2018/05/16,107150.0,107080.0,108740.0,106170.0,107740.0,757476.0,81330677460.0,None,680.0,0.635157855408,2.39850676622,107370.632812,347384.0,-648.0,107060.0,107370.0,310.0,0.289557257613,2018/05/16,2018/05/16
NI.SHF,2018/05/17,107740.0,107700.0,108440.0,107170.0,107820.0,470362.0,50738751220.0,None,450.0,0.419111483655,1.17876369037,107871.705665,347716.0,332.0,107370.0,107870.0,500.0,0.465679426283,2018/05/17,2018/05/17
NI.SHF,2018/05/18,107820.0,108000.0,110430.0,107870.0,110240.0,762792.0,83275574180.0,None,2370.0,2.19708908872,2.37432758301,109172.060247,394776.0,47060.0,107870.0,109170.0,1300.0,1.20515435246,2018/05/18,2018/05/18
NI.SHF,2018/05/21,110240.0,110320.0,110560.0,108300.0,108850.0,598134.0,65338195060.0,None,-320.0,-0.293120820738,2.05007256894,109236.71796,344154.0,-50622.0,109170.0,109230.0,60.0,0.0549601538884,2018/05/21,2018/05/21
NI.SHF,2018/05/22,108850.0,109030.0,109800.0,108130.0,108250.0,492954.0,53779998040.0,None,-980.0,-0.897189416827,1.5342214056,109097.396593,339322.0,-4832.0,109230.0,109090.0,-140.0,-0.12816991669,2018/05/22,2018/05/22
NI.SHF,2018/05/23,108250.0,109080.0,109400.0,107500.0,108440.0,548720.0,59570158220.0,None,-650.0,-0.595838298652,1.75519630485,108562.032038,330994.0,-8328.0,109090.0,108560.0,-530.0,-0.485837381978,2018/05/23,2018/05/23
NI.SHF,2018/05/24,108440.0,108220.0,108420.0,107420.0,108190.0,473628.0,51128435500.0,None,-370.0,-0.340825350037,0.92216894135,107950.618418,318940.0,-12054.0,108560.0,107950.0,-610.0,-0.561901252763,2018/05/24,2018/05/24
NI.SHF,2018/05/25,108190.0,108100.0,111660.0,108020.0,109880.0,924190.0,1.0168440828e+11,None,1930.0,1.7878647522,3.36445142804,110025.436631,343102.0,24162.0,107950.0,110020.0,2070.0,1.91755442334,2018/05/25,2018/05/25
NI.SHF,2018/05/28,109880.0,109880.0,110650.0,109020.0,110520.0,523906.0,57555264120.0,None,500.0,0.454462824941,1.48343647616,109857.997656,354004.0,10902.0,110020.0,109850.0,-170.0,-0.15451736048,2018/05/28,2018/05/28
NI.SHF,2018/05/29,110520.0,110350.0,112950.0,110070.0,112880.0,671634.0,74948017120.0,None,3030.0,2.75830678198,2.60586319218,111590.564385,407202.0,53198.0,109850.0,111590.0,1740.0,1.58397815203,2018/05/29,2018/05/29
NI.SHF,2018/05/30,112880.0,112600.0,112810.0,111430.0,111650.0,533436.0,59770743680.0,None,60.0,0.0537682588046,1.22253720765,112048.575049,365130.0,-42072.0,111590.0,112040.0,450.0,0.403261941034,2018/05/30,2018/05/30
NI.SHF,2018/05/31,111650.0,112020.0,114870.0,111930.0,114820.0,732688.0,83354158680.0,None,2780.0,2.48125669404,2.63322884013,113764.874926,378670.0,13540.0,112040.0,113760.0,1720.0,1.53516601214,2018/05/31,2018/05/31
NI.SHF,2018/06/01,114820.0,114750.0,120000.0,114260.0,116110.0,1161836.0,1.3576125914e+11,None,2350.0,2.06575246132,4.99912907159,116850.621895,327220.0,-51450.0,113760.0,116850.0,3090.0,2.71624472574,2018/06/01,2018/06/01
NI.SHF,2018/06/04,116110.0,116240.0,118030.0,115680.0,116830.0,632566.0,73879205920.0,None,-20.0,-0.0171159606333,2.02394281285,116792.881565,293128.0,-34092.0,116850.0,116790.0,-60.0,-0.0513478818999,2018/06/04,2018/06/04
NI.SHF,2018/06/05,116830.0,116160.0,116880.0,114620.0,116080.0,431506.0,50007961480.0,None,290.0,0.25045340703,1.93443464863,115891.694391,353516.0,60388.0,115790.0,115890.0,100.0,0.0863632438034,2018/06/05,2018/06/05
NI.SHF,2018/06/06,116080.0,116300.0,119150.0,116270.0,118470.0,724260.0,85439886900.0,None,2580.0,2.22624902925,2.48104755341,117968.529119,402544.0,49028.0,115890.0,117960.0,2070.0,1.78617654673,2018/06/06,2018/06/06
NI.SHF,2018/06/07,118470.0,118320.0,118740.0,117050.0,118020.0,555310.0,65466146760.0,None,60.0,0.0508646998983,1.42652148223,117891.172066,397908.0,-4636.0,117960.0,117890.0,-70.0,-0.0593421498813,2018/06/07,2018/06/07
NI.SHF,2018/06/08,118020.0,118600.0,118900.0,114870.0,114900.0,852406.0,99481341580.0,None,-2990.0,-2.53626261769,3.41467547873,116706.524332,380350.0,-17558.0,117890.0,116700.0,-1190.0,-1.00941555688,2018/06/08,2018/06/08
NI.SHF,2018/06/11,114900.0,115090.0,116800.0,115000.0,115780.0,549756.0,63710591340.0,None,-920.0,-0.788346186804,1.56657963446,115888.851309,380060.0,-290.0,116700.0,115880.0,-820.0,-0.70265638389,2018/06/11,2018/06/11
NI.SHF,2018/06/12,115780.0,115620.0,116280.0,114420.0,115170.0,637698.0,73527448340.0,None,-710.0,-0.612702795996,1.60649507687,115301.36262,382334.0,2274.0,115880.0,115300.0,-580.0,-0.500517777011,2018/06/12,2018/06/12
NI.SHF,2018/06/13,115170.0,115500.0,115790.0,114170.0,114720.0,602034.0,69080414140.0,None,-580.0,-0.50303555941,1.40661630633,114745.037888,369730.0,-12604.0,115300.0,114740.0,-560.0,-0.485689505637,2018/06/13,2018/06/13
NI.SHF,2018/06/14,114720.0,115080.0,117900.0,114820.0,115250.0,935192.0,1.0916868086e+11,None,510.0,0.444483179362,2.68479776848,116733.976403,374320.0,4590.0,114740.0,116730.0,1990.0,1.73435593516,2018/06/14,2018/06/14
NI.SHF,2018/06/15,115250.0,115010.0,116450.0,114090.0,115770.0,752582.0,86584876980.0,None,-960.0,-0.822410691339,2.04772234273,115050.422386,361522.0,-12798.0,116730.0,115050.0,-1680.0,-1.43921870984,2018/06/15,2018/06/15
NI.SHF,2018/06/19,115770.0,114420.0,114920.0,112420.0,113040.0,534784.0,60847842740.0,None,-2010.0,-1.74706649283,2.15945409001,113780.222931,328804.0,-32718.0,115050.0,113780.0,-1270.0,-1.10386788353,2018/06/19,2018/06/19
NI.SHF,2018/06/20,113040.0,112580.0,113980.0,112190.0,113750.0,549518.0,62227505060.0,None,-30.0,-0.0263666725259,1.58351026185,113240.157847,339622.0,10818.0,113780.0,113240.0,-540.0,-0.474600105467,2018/06/20,2018/06/20
NI.SHF,2018/06/21,113750.0,113770.0,116230.0,113530.0,115150.0,820266.0,94221199840.0,None,1910.0,1.68668315083,2.37362637363,114866.640626,355438.0,15816.0,113240.0,114860.0,1620.0,1.43058989756,2018/06/21,2018/06/21
NI.SHF,2018/06/22,115150.0,113770.0,116230.0,113530.0,115150.0,820266.0,94221199840.0,None,1910.0,1.68668315083,2.37362637363,114866.640626,355438.0,15816.0,113240.0,114860.0,1620.0,1.43058989756,2018/06/21,2018/06/22
