SN,20150327,120190,120190,120000,120010,115150,119270,119230,-920,-960,1798,21437.63 ,608,
SN,20150330,119270,119230,119270,119530,115600,118080,117720,-1150,-1510,2468,29053.72 ,830,
SN,20150331,118080,117720,117650,119800,115960,118160,117790,440,70,4522,53268.60 ,1176,
SN,20150401,118160,117790,118020,118880,117070,117910,118280,120,490,4374,51736.10 ,1272,
SN,20150402,117910,118280,117970,119080,117970,118620,118540,340,260,2716,32195.97 ,1038,
SN,20150403,118620,118540,118810,119470,118560,118850,118950,310,410,1390,16534.58 ,1000,
SN,20150407,118850,118950,118890,119090,118270,118860,118630,-90,-320,848,10059.93 ,904,
SN,20150408,118860,118630,118710,118890,117150,117870,118200,-760,-430,848,10023.48 ,750,
SN,20150409,117870,118200,117570,117980,116500,116790,117190,-1410,-1010,816,9563.43 ,802,
SN,20150410,116790,117190,116500,116980,115320,115990,115860,-1200,-1330,2418,28015.06 ,916,
SN,20150413,115990,115860,115960,116290,115270,115940,115750,80,-110,1628,18845.23 ,1008,
SN,20150414,115940,115750,115550,115650,112300,112300,113680,-3450,-2070,5588,63527.71 ,1894,
SN,20150415,112300,113680,112400,114140,112320,113850,113530,170,-150,4132,46911.01 ,1692,
SN,20150416,113850,113530,113200,113700,111010,112880,112780,-650,-750,3866,43604.23 ,1962,
SN,20150417,112880,112780,113010,113010,109300,110000,111110,-2780,-1670,11322,125802.03 ,3584,
SN,20150420,110000,111110,112000,112960,111120,111440,111850,330,740,10518,117652.75 ,2656,
SN,20150421,111440,111850,111840,111880,111100,111550,111470,-300,-380,3434,38280.01 ,2964,
SN,20150422,111550,111470,112190,113430,112190,112940,112870,1470,1400,5870,66257.90 ,2738,
SN,20150423,112940,112870,113400,113760,112960,113300,113430,430,560,3310,37546.33 ,2468,
SN,20150424,113300,113430,113350,113950,112750,113940,113430,510,0,2088,23685.19 ,2526,
SN,20150427,113940,113430,114400,117960,114400,117960,116530,4530,3100,16994,198046.73 ,3096,
SN,20150428,117960,116530,117970,118550,116500,117400,117740,870,1210,31980,376545.28 ,4452,
SN,20150429,117400,117740,117140,117720,115110,115370,116820,-2370,-920,10628,124157.17 ,4638,
SN,20150430,115370,116820,116000,119900,115050,117640,117360,820,540,17782,208690.50 ,5578,
SN,20150504,117640,117360,117360,119520,117360,118800,118830,1440,1470,8824,104859.83 ,6072,
SN,20150505,118800,118830,119000,119780,118000,118680,118920,-150,90,12990,154478.51 ,6392,
SN,20150506,118680,118920,119650,123670,119500,123400,122030,4480,3110,32668,398668.30 ,8600,
SN,20150507,123400,122030,123300,125910,121500,122030,123860,0,1830,51604,639207.27 ,7606,
SN,20150508,122030,123860,122700,122960,120020,121360,121310,-2500,-2550,22070,267741.28 ,7344,
SN,20150511,121360,121310,120890,122690,120710,122400,121670,1090,360,13824,168208.97 ,7580,
SN,20150512,122400,121670,121100,121930,119690,119970,121020,-1700,-650,17242,208676.14 ,7502,
SN,20150513,119970,121020,120800,121100,120000,120700,120580,-320,-440,10418,125620.75 ,7156,
SN,20150514,120700,120580,120700,122480,117800,119500,120460,-1080,-120,31286,376901.47 ,7222,
SN,20150515,119500,120460,119190,119680,118610,119100,119170,-1360,-1290,11000,131092.71 ,7396,
SN,20150518,119100,119170,118690,119940,118030,119250,119380,80,210,11708,139780.13 ,7298,
SN,20150519,119250,119380,119520,119650,118070,118140,118920,-1240,-460,7572,90051.48 ,6732,
SN,20150520,118140,118920,117690,117960,114160,115850,115840,-3070,-3080,27600,319743.03 ,6122,
SN,20150521,115850,115840,116350,120400,115220,119190,118340,3350,2500,38176,451775.60 ,6916,
SN,20150522,119190,118340,119500,119730,116900,117980,118650,-360,310,23976,284485.72 ,6632,
SN,20150525,117980,118650,117170,119800,116800,117590,118620,-1060,-30,25734,305270.92 ,6844,
SN,20150526,117590,118620,117600,119570,117600,118270,118860,-350,240,18802,223497.49 ,6648,
SN,20150527,118270,118860,116760,117570,116200,116560,116870,-2300,-1990,17864,208779.94 ,7100,
SN,20150528,116560,116870,116010,117510,115720,116960,116760,90,-110,15242,177973.23 ,6654,
SN,20150529,116960,116760,116900,116900,115680,116160,116320,-600,-440,8976,104417.11 ,6090,
SN,20150601,116160,116320,116090,116350,115630,116120,116010,-200,-310,4366,50651.09 ,5706,
SN,20150602,116120,116010,116120,117000,115780,116520,116410,510,400,3880,45169.36 ,5624,
SN,20150603,116520,116410,116740,116800,115020,115680,116380,-730,-30,3306,38475.42 ,5472,
SN,20150604,115680,116380,115330,115900,114500,114800,115070,-1580,-1310,3252,37422.58 ,5214,
SN,20150605,114800,115070,114640,114980,114260,114260,114570,-810,-500,1284,14711.52 ,5218,
SN,20150608,114260,114570,113990,114940,113910,114700,114300,130,-270,2082,23799.07 ,5128,
SN,20150609,114700,114300,114710,115600,114710,115080,115110,780,810,2204,25370.69 ,5112,
SN,20150610,115080,115110,115340,115550,114850,115440,115200,330,90,1234,14215.69 ,5090,
SN,20150611,115440,115200,115490,115670,115300,115420,115460,220,260,1014,11708.46 ,4910,
SN,20150612,115420,115460,114420,114700,113520,113700,114110,-1760,-1350,3152,35968.04 ,4014,
SN,20150615,113700,114110,113410,113660,112810,113160,113370,-950,-740,1276,14466.96 ,3794,
SN,20150616,113160,113370,111720,112650,111700,111780,112240,-1590,-1130,1166,13088.17 ,3668,
SN,20150617,111780,112240,111990,112230,111210,111730,111680,-510,-560,1016,11347.57 ,3574,
SN,20150618,111730,111680,112290,112600,111820,112510,112290,830,610,768,8624.54 ,3462,
SN,20150619,112510,112290,113010,114450,112470,113770,113520,1480,1230,1368,15529.90 ,3422,
SN,20150623,113770,113520,113360,114330,113360,114100,114060,580,540,644,7345.50 ,3304,
SN,20150624,114100,114060,113540,114150,112500,113180,113540,-880,-520,988,11218.02 ,3194,
SN,20150625,113180,113540,112820,113300,109470,111460,112070,-2080,-1470,1352,15152.65 ,3092,
SN,20150626,111460,112070,111280,111920,109800,110540,110740,-1530,-1330,1700,18825.81 ,2948,
SN,20150629,110540,110740,109100,110800,108560,109720,110150,-1020,-590,1252,13790.86 ,3000,
SN,20150630,109720,110150,109000,109400,105740,106000,106760,-4150,-3390,1384,14776.08 ,2810,
SN,20150701,106000,106760,104010,107980,104010,106700,106290,-60,-470,278,2954.90 ,2776,
SN,20150702,108260,107730,109800,109990,108560,109700,109390,1970,1660,2598,28419.71 ,2810,
SN,20150703,109700,109390,110370,111140,109390,110000,110490,610,1100,2348,25943.39 ,2900,
SN,20150706,110000,110490,107960,109850,106510,107090,107880,-3400,-2610,2102,22678.22 ,2884,
SN,20150707,107090,107880,108500,109190,106800,107080,108040,-800,160,2356,25456.15 ,2794,
SN,20150708,107080,108040,106000,106430,103710,103710,104200,-4330,-3840,3870,40327.94 ,2882,
 
SN,20150710,107670,105710,107000,108790,106500,107620,107980,1910,2270,184,1986.96 ,2664,
 
SN,20150714,106020,105740,108300,108500,108100,108100,108300,2360,2560,28,303.24 ,2664,
SN,20150715,108100,108300,108500,108900,108100,108500,108540,200,240,100,1085.44 ,2664,
SN,20150716,108260,108750,112010,112010,106810,108370,108500,-380,-250,20,217.02 ,386,
SN,20150717,109350,109030,109520,110790,109320,110490,110060,1460,1030,2288,25181.97 ,2314,
SN,20150720,110490,110060,112400,112490,111100,111530,111720,1470,1660,6298,70365.10 ,2316,
SN,20150721,111530,111720,111860,111860,110790,111000,111230,-720,-490,3266,36330.35 ,2140,
SN,20150722,111000,111230,110780,111190,108560,108800,110310,-2430,-920,2200,24270.01 ,2098,
SN,20150723,108800,110310,108250,108940,108060,108940,108560,-1370,-1750,1550,16827.33 ,2130,
SN,20150724,108940,108560,109200,109490,108120,108210,108830,-350,270,1462,15911.90 ,2078,
SN,20150727,108210,108830,108280,111400,107030,108170,109280,-660,450,3556,38862.62 ,2084,
SN,20150728,108170,109280,108400,109940,107920,109820,108890,540,-390,1906,20754.70 ,2068,
SN,20150729,109820,108890,110980,112360,110800,111770,111540,2880,2650,3144,35068.29 ,2024,
SN,20150730,111770,111540,111260,111780,110120,110180,111150,-1360,-390,2828,31433.49 ,1958,
SN,20150731,110180,111150,109600,111140,109280,109960,110440,-1190,-710,1278,14115.08 ,1960,
SN,20150803,109960,110440,110440,111370,108720,108720,110600,-1720,160,1688,18669.58 ,1906,
SN,20150804,108720,110600,107800,108860,107500,108750,108400,-1850,-2200,1578,17106.47 ,1744,
SN,20150805,108750,108400,108900,109190,106900,107490,107900,-910,-500,1078,11632.31 ,1792,
SN,20150806,107490,107900,107500,108480,106390,107350,107140,-550,-760,1482,15878.74 ,1736,
SN,20150807,107350,107140,107600,108080,106790,107410,107340,270,200,810,8694.97 ,1680,
SN,20150810,107410,107340,107100,107960,106510,107810,107220,470,-120,816,8749.46 ,1590,
SN,20150811,107810,107220,107400,111350,107260,108490,108920,1270,1700,1200,13071.56 ,1506,
SN,20150812,108490,108920,108100,108620,107070,108400,107680,-520,-1240,1104,11888.12 ,1536,
SN,20150813,108400,107680,108620,109320,107500,107790,108380,110,700,1550,16800.08 ,1476,
SN,20150814,107790,108380,107620,108210,107200,107200,107770,-1180,-610,610,6574.19 ,1458,
SN,20150817,107200,107770,109200,109200,107060,107390,107900,-380,130,950,10251.31 ,1512,
SN,20150818,107390,107900,107330,107770,106800,107160,107240,-740,-660,562,6026.94 ,1526,
SN,20150819,107160,107240,106710,107360,106550,107280,106980,40,-260,760,8130.74 ,1364,
SN,20150820,107280,106980,107560,108680,106680,106940,107270,-40,290,576,6178.98 ,1280,
SN,20150821,106940,107270,107100,107450,105310,105380,106230,-1890,-1040,712,7564.26 ,1288,
SN,20150824,105380,106230,104000,105790,101980,101980,103690,-4250,-2540,1358,14081.68 ,1264,
SN,20150825,101980,103690,100050,101580,100010,100760,100840,-2930,-2850,782,7886.03 ,1196,
SN,20150826,100760,100840,100710,102040,100210,100210,101170,-630,330,566,5726.66 ,1104,
SN,20150827,100210,101170,99580,100460,98210,100110,99770,-1060,-1400,478,4769.37 ,1060,
SN,20150828,100110,99770,100090,102980,99610,101000,101420,1230,1650,1190,12069.47 ,1028,
SN,20150831,101000,101420,101000,102090,99210,99500,100470,-1920,-950,690,6932.81 ,916,
SN,20150901,99500,100470,100490,100500,99510,99820,100030,-650,-440,76,760.23 ,880,
SN,20150902,99820,100030,100500,100580,97210,99600,99280,-430,-750,156,1548.77 ,868,
SN,20150907,99600,99280,100000,100000,97630,100000,99750,720,470,104,1037.40 ,796,
SN,20150908,100000,99750,98240,100150,98240,100150,99400,400,-350,76,755.50 ,760,
SN,20150909,100150,99400,101570,102200,100000,100400,100850,1000,1450,68,685.82 ,756,
SN,20150910,100400,100850,100020,101000,99530,101000,100460,150,-390,256,2571.97 ,644,
SN,20150911,101000,100460,101500,102990,101500,101600,102030,1140,1570,96,979.54 ,592,
SN,20150914,103030,103190,103180,103760,102030,102120,103170,-1070,-20,574,5922.14 ,830,
SN,20150915,102120,103170,102170,102520,101160,101460,101590,-1710,-1580,432,4389.09 ,868,
SN,20150916,101460,101590,102150,102400,101560,102190,101890,600,300,296,3015.99 ,864,
SN,20150917,102190,101890,102480,102480,101830,101850,102160,-40,270,196,2002.45 ,870,
SN,20150918,101850,102160,101040,101800,101040,101300,101520,-860,-640,328,3330.02 ,762,
SN,20150921,101300,101520,101310,101310,99520,100550,100350,-970,-1170,630,6322.47 ,788,
SN,20150922,100550,100350,100500,100500,99050,99050,99820,-1300,-530,454,4532.19 ,776,
SN,20150923,99050,99820,99080,99080,97080,98800,98510,-1020,-1310,544,5359.35 ,776,
SN,20150924,98800,98510,98500,99570,98090,98740,98590,230,80,304,2997.33 ,798,
SN,20150925,98740,98590,99390,99690,98410,98980,99100,390,510,354,3508.42 ,764,
SN,20150928,98980,99100,99070,99070,97220,97400,97790,-1700,-1310,466,4557.15 ,876,
SN,20150929,97400,97790,97050,97520,96220,97100,97050,-690,-740,696,6755.24 ,968,
SN,20150930,97100,97050,97390,98080,97010,97100,97560,50,510,498,4858.91 ,1054,
SN,20151008,97100,97560,97960,99990,97610,98130,98320,570,760,352,3460.91 ,1050,
SN,20151009,98130,98320,98100,99280,97170,99100,98450,780,130,1146,11283.38 ,1236,
SN,20151012,99100,98450,100500,100500,98460,99010,99090,560,640,706,6996.11 ,1364,
SN,20151013,99010,99090,99110,99700,98400,98560,99060,-530,-30,1414,14007.78 ,1686,
SN,20151014,98560,99060,98210,98700,97290,97510,98010,-1550,-1050,1070,10487.54 ,1896,
SN,20151015,97510,98010,97860,101000,97620,99600,99220,1590,1210,2736,27147.35 ,2616,
SN,20151016,99600,99220,99700,100230,97250,98460,99250,-760,30,2108,20922.90 ,2448,
SN,20151019,98460,99250,98410,99320,97280,98010,98370,-1240,-880,1976,19438.37 ,2332,
SN,20151020,98010,98370,97910,98500,97680,98190,98050,-180,-320,788,7726.94 ,2442,
SN,20151021,98190,98050,98570,99200,98310,98420,98670,370,620,2036,20090.71 ,2762,
SN,20151022,98420,98670,98070,98880,97840,98500,98290,-170,-380,1110,10910.35 ,2734,
SN,20151023,98500,98290,98400,98680,97500,98490,98140,200,-150,1914,18784.43 ,2680,
SN,20151026,98490,98140,98980,99090,97280,97450,97810,-690,-330,2398,23455.46 ,2678,
SN,20151027,97450,97810,96990,97800,96330,97200,96870,-610,-940,2664,25807.16 ,2822,
SN,20151028,97200,96870,96900,97470,94700,95070,95870,-1800,-1000,2088,20018.59 ,3134,
SN,20151029,95070,95870,94670,95900,94350,94530,95000,-1340,-870,4442,42200.97 ,3520,
SN,20151030,94530,95000,94000,94360,92680,93350,93490,-1650,-1510,5608,52431.41 ,4010,
SN,20151102,93350,93490,93060,93920,93040,93610,93560,120,70,2946,27563.82 ,3688,
SN,20151103,93610,93560,93600,94440,93210,93220,93530,-340,-30,1218,11392.03 ,3372,
SN,20151104,93220,93530,93210,93510,92610,93010,93040,-520,-490,1502,13975.25 ,3386,
SN,20151105,93010,93040,93010,93850,92800,93210,93210,170,170,2090,19482.76 ,3262,
SN,20151106,93210,93210,93020,93020,91100,91760,91960,-1450,-1250,3454,31763.53 ,3416,
SN,20151109,91760,91960,91890,92150,91280,91560,91690,-400,-270,2466,22612.19 ,3300,
SN,20151110,91560,91690,91440,91580,89820,90770,90710,-920,-980,2568,23295.47 ,3296,
SN,20151111,90770,90710,90710,90990,89810,90040,90180,-670,-530,2654,23934.43 ,3532,
SN,20151112,90040,90180,90000,91490,90000,90880,90560,700,380,2260,20468.52 ,3692,
SN,20151113,90880,90560,90000,90850,89550,89850,90250,-710,-310,2776,25054.55 ,3610,
SN,20151116,89850,90250,90190,90460,89700,89700,90240,-550,-10,1710,15431.08 ,3548,
SN,20151117,89700,90240,90480,90490,88020,88600,89380,-1640,-860,2836,25349.57 ,3448,
SN,20151118,88600,89380,88660,89280,87540,88000,88280,-1380,-1100,3416,30158.92 ,3878,
SN,20151119,88000,88280,88000,88150,85210,85640,86440,-2640,-1840,5340,46159.27 ,4244,
SN,20151120,85640,86440,85050,85610,83640,85120,84440,-1320,-2000,7442,62841.20 ,4056,
SN,20151123,85120,84440,85310,85490,81230,81350,82900,-3090,-1540,6700,55545.08 ,3920,
SN,20151124,81350,82900,81480,81950,80000,81260,80790,-1640,-2110,8838,71407.93 ,3870,
SN,20151125,81260,80790,80800,83780,80500,83320,82610,2530,1820,7450,61551.76 ,3542,
SN,20151126,83320,82610,82890,85910,82110,84230,84140,1620,1530,8380,70517.00 ,3588,
SN,20151127,84230,84140,84990,87060,84520,84770,85850,630,1710,10582,90847.06 ,3778,
SN,20151130,84770,85850,84920,85470,84000,84840,84730,-1010,-1120,5504,46636.16 ,4058,
SN,20151201,84840,84730,84710,85800,84620,85260,85330,530,600,3288,28057.88 ,3938,
SN,20151202,85260,85330,85780,86800,85060,85710,85720,380,390,2334,20008.85 ,4070,
SN,20151203,85710,85720,85660,85980,83030,84080,84540,-1640,-1180,3302,27918.09 ,4496,
SN,20151204,84080,84540,83450,84500,83450,83760,83970,-780,-570,1414,11874.04 ,4414,
SN,20151207,83760,83970,84460,85800,84030,85760,84680,1790,710,1746,14786.53 ,4522,
SN,20151208,85760,84680,85030,85390,83600,84450,84320,-230,-360,1566,13204.77 ,4294,
SN,20151209,84450,84320,84450,84970,83600,84430,84260,110,-60,1472,12403.74 ,4160,
SN,20151210,84430,84260,84700,85250,84310,84750,84770,490,510,1234,10461.50 ,4074,
SN,20151211,84750,84770,84520,86680,84480,86520,85870,1750,1100,1240,10648.59 ,4162,
SN,20151214,86520,85870,86280,89240,86280,88760,87930,2890,2060,3352,29475.79 ,4226,
SN,20151215,88760,87930,88850,89510,88280,88820,88990,890,1060,2568,22853.51 ,3942,
SN,20151216,88820,88990,88570,89490,88260,89380,88960,390,-30,1272,11316.95 ,3820,
SN,20151217,89380,88960,89850,92440,89400,91420,90540,2460,1580,2426,21965.91 ,3762,
SN,20151218,91420,90540,91590,94160,91380,94160,92910,3620,2370,3668,34082.27 ,3760,
SN,20151221,94160,92910,94850,97390,94470,97260,95790,4350,2880,5162,49450.96 ,3594,
SN,20151222,97600,96550,97430,98580,96020,96670,97480,120,930,17050,166209.98 ,4462,
SN,20151223,96670,97480,96090,96850,93800,94200,95360,-3280,-2120,19194,183041.65 ,4082,
SN,20151224,94200,95360,94280,95060,93430,93780,94210,-1580,-1150,17184,161898.33 ,4774,
SN,20151225,93780,94210,93470,94040,93240,93630,93710,-580,-500,10156,95173.77 ,4720,
SN,20151228,93630,93710,93650,93910,91560,91720,92830,-1990,-880,9530,88473.45 ,5398,
SN,20151229,91720,92830,91520,92720,91050,92600,92000,-230,-830,14662,134895.05 ,5894,
SN,20151230,92600,92000,92800,94840,92800,93910,93950,1910,1950,16860,158410.95 ,5680,
SN,20151231,93910,93950,93790,94210,92400,93370,93280,-580,-670,17454,162811.07 ,5502,
SN,20160104,93370,93280,92680,93790,91430,91710,92360,-1570,-920,7628,70456.55 ,5476,
SN,20160105,91710,92360,91640,93250,91280,93000,92400,640,40,12748,117796.29 ,5546,
SN,20160106,93000,92400,92430,93150,92100,92720,92630,320,230,10368,96046.63 ,5670,
SN,20160107,92720,92630,91880,93130,91590,91700,92240,-930,-390,12942,119389.66 ,5600,
SN,20160108,91700,92240,91500,92880,90110,92630,91630,390,-610,15172,139034.73 ,6036,
SN,20160111,92630,91630,92400,93690,92400,93000,93240,1370,1610,14282,133172.40 ,6638,
SN,20160112,93000,93240,93100,94100,92000,92450,93130,-790,-110,15264,142159.89 ,6624,
SN,20160113,92450,93130,92510,92960,91510,92600,92240,-530,-890,17358,160121.40 ,7348,
SN,20160114,92600,92240,92560,93630,91790,93190,92560,950,320,13682,126650.41 ,6442,
SN,20160115,93190,92560,93110,94460,92710,93090,93590,530,1030,13236,123875.75 ,6694,
SN,20160118,93090,93590,92880,95500,92300,95060,94270,1470,680,17032,160574.42 ,6892,
SN,20160119,95060,94270,95180,95360,94400,94790,94930,520,660,12976,123187.13 ,6880,
SN,20160120,94790,94930,94950,94950,93500,93940,94090,-990,-840,11544,108619.24 ,5902,
SN,20160121,93940,94090,94110,95680,94110,95240,95040,1150,950,20734,197068.25 ,6410,
SN,20160122,95240,95040,95410,96400,95220,96150,95870,1110,830,15416,147806.15 ,6638,
SN,20160125,96150,95870,96300,99700,96300,97730,97400,1860,1530,20878,203353.14 ,7512,
SN,20160126,97730,97400,97650,97970,96800,97700,97390,300,-10,16062,156430.89 ,7890,
SN,20160127,97700,97390,98050,100470,98050,100380,99650,2990,2260,33510,333936.33 ,9646,
SN,20160128,100380,99650,100720,100990,100040,100260,100520,610,870,29174,293280.02 ,10584,
SN,20160129,100260,100520,99600,99890,97690,98280,98790,-2240,-1730,39550,390740.90 ,8838,
SN,20160201,98280,98790,100000,100280,97850,98440,99410,-350,620,39834,396000.95 ,8524,
SN,20160202,98440,99410,98740,99190,98410,98970,98790,-440,-620,21844,215815.93 ,8142,
SN,20160203,98970,98790,99220,99440,97940,98700,98610,-90,-180,19434,191641.63 ,7628,
SN,20160204,98700,98610,98610,99990,98370,99790,99230,1180,620,16544,164182.45 ,7162,
SN,20160205,99790,99230,100000,100450,98600,99430,99560,200,330,11934,118817.24 ,6146,
SN,20160215,99430,99560,98000,100300,97030,99930,99650,370,90,6436,64135.89 ,6948,
SN,20160216,99930,99650,99410,100180,99000,99190,99600,-460,-50,12660,126095.77 ,7630,
SN,20160217,99190,99600,99250,99540,98190,98750,99140,-850,-460,10220,101328.91 ,7912,
SN,20160218,98750,99140,99990,99990,98580,99340,99420,200,280,11414,113480.57 ,8182,
SN,20160219,99340,99420,99430,100290,98910,100250,99580,830,160,13440,133842.01 ,9324,
SN,20160222,100250,99580,100260,103500,99800,103290,101720,3710,2140,24958,253885.52 ,11912,
SN,20160223,103290,101720,103700,105680,103410,105540,104840,3820,3120,51802,543130.41 ,17678,
SN,20160224,105540,104840,105980,106300,104800,105160,105560,320,720,54618,576596.33 ,17834,
SN,20160225,105160,105560,105540,106270,104860,105180,105600,-380,40,44526,470198.76 ,17282,
SN,20160226,105180,105600,105490,105500,102260,103950,104260,-1650,-1340,48600,506714.16 ,14698,
SN,20160229,103950,104260,104200,105380,102910,103640,104150,-620,-110,51306,534377.79 ,14542,
SN,20160301,103640,104150,104010,104680,103190,104100,103860,-50,-290,31750,329771.72 ,14358,
SN,20160302,104100,103860,104630,105020,103870,104710,104370,850,510,32300,337128.16 ,14214,
SN,20160303,104710,104370,104800,108540,104700,108540,107190,4170,2820,74098,794266.74 ,20080,
SN,20160304,108540,107190,109560,113940,108660,111600,110820,4410,3630,79394,879907.11 ,16778,
SN,20160307,111600,110820,112800,114690,111810,112890,113330,2070,2510,82964,940259.39 ,16924,
SN,20160308,112890,113330,113830,117600,111120,114540,114630,1210,1300,117778,1350127.77 ,17350,
SN,20160309,114540,114630,114000,114200,110040,110110,111250,-4520,-3380,76510,851202.06 ,16070,
SN,20160310,110110,111250,110330,112650,108060,109000,109850,-2250,-1400,96310,1058058.85 ,15506,
SN,20160311,109000,109850,109300,111020,107610,109950,109390,100,-460,70792,774422.45 ,15700,
SN,20160314,109950,109390,111000,111000,109250,109880,110300,490,910,52784,582254.99 ,15370,
SN,20160315,109880,110300,109800,110560,108280,108720,109050,-1580,-1250,50468,550360.07 ,15650,
SN,20160316,108720,109050,108050,109660,108000,109500,109050,450,0,41980,457807.99 ,15874,
SN,20160317,109500,109050,109350,110470,109200,110000,109860,950,810,34100,374634.00 ,15436,
SN,20160318,110000,109860,110300,113780,109800,112860,112060,3000,2200,61924,693967.85 ,16072,
SN,20160321,112860,112060,112510,112980,108000,109400,110380,-2660,-1680,55704,614861.85 ,14648,
SN,20160322,109400,110380,109860,110480,108900,108990,109710,-1390,-670,41924,459976.16 ,14984,
SN,20160323,108990,109710,109200,110500,108300,109040,109440,-670,-270,45664,499783.91 ,14570,
SN,20160324,109040,109440,109530,110690,109030,110270,110080,830,640,71278,784675.45 ,16238,
SN,20160325,110270,110080,110680,112090,110390,112020,111370,1940,1290,57208,637150.49 ,17928,
SN,20160328,112020,111370,111990,112880,108210,108600,111460,-2770,90,40490,451340.89 ,16618,
SN,20160329,108600,111460,108600,109780,108000,108470,108930,-2990,-2530,41094,447656.37 ,16804,
SN,20160330,108470,108930,108770,109280,105060,105090,106630,-3840,-2300,67674,721647.24 ,18888,
SN,20160331,105090,106630,105210,105870,103010,103490,104530,-3140,-2100,69430,725820.41 ,19814,
SN,20160401,103490,104530,102810,105620,102700,104830,104550,300,20,50800,531156.93 ,16994,
SN,20160405,104830,104550,103320,105670,103300,105360,104790,810,240,18524,194114.40 ,16490,
SN,20160406,105360,104790,104710,106150,104710,106040,105530,1250,740,27906,294501.60 ,15694,
SN,20160407,106040,105530,106130,107400,105990,107080,106660,1550,1130,24902,265620.95 ,15938,
SN,20160408,107080,106660,107110,107200,105170,106530,106120,-130,-540,30624,324997.49 ,15532,
SN,20160411,106530,106120,106520,110480,106510,109060,108640,2940,2520,31106,337940.78 ,14150,
SN,20160412,109060,108640,108960,109770,107230,108440,108510,-200,-130,22846,247918.48 ,14058,
SN,20160413,108440,108510,108730,112560,108730,110660,110250,2150,1740,30058,331401.32 ,13528,
SN,20160414,110660,110250,110810,113550,110100,112120,112400,1870,2150,35104,394601.35 ,13302,
SN,20160415,112120,112400,113960,113960,110540,111570,111890,-830,-510,19584,219135.69 ,13428,
SN,20160418,111570,111890,111580,111890,109660,110180,110670,-1710,-1220,20774,229919.39 ,13586,
SN,20160419,110180,110670,110230,112000,110010,111470,111180,800,510,19212,213603.04 ,12880,
SN,20160420,111470,111180,111610,112950,110490,111440,111700,260,520,19258,215125.57 ,12716,
SN,20160421,111440,111700,112370,114600,110790,114400,112200,2700,500,20964,235221.94 ,12988,
SN,20160422,114400,112200,115480,115960,110000,111460,112230,-740,30,19430,218080.79 ,12180,
SN,20160425,111460,112230,111820,113410,108560,109520,111150,-2710,-1080,16102,178983.19 ,11708,
SN,20160426,109520,111150,109170,110530,107560,108100,109140,-3050,-2010,9102,99341.94 ,11650,
SN,20160427,108100,109140,108780,109430,107800,108300,108660,-840,-480,5110,55526.51 ,11132,
SN,20160428,108300,108660,108690,108690,106600,106780,107510,-1880,-1150,4248,45671.85 ,10230,
SN,20160429,106780,107510,107020,109340,106870,108120,108370,610,860,3898,42244.87 ,9670,
SN,20160503,108120,108370,111220,111240,107480,110860,109300,2490,930,730,7979.02 ,9408,
SN,20160504,112400,111100,112000,113510,111510,112040,112280,940,1180,19180,215360.55 ,10210,
SN,20160505,112040,112280,112300,114380,111600,113480,113190,1200,910,30476,344985.64 ,12388,
SN,20160506,113480,113190,113490,114490,110200,111360,112160,-1830,-1030,41310,463367.22 ,10866,
SN,20160509,111360,112160,111200,113200,110030,110770,111590,-1390,-570,33068,369018.99 ,10624,
SN,20160510,110770,111590,110500,110960,106630,108930,108780,-2660,-2810,38566,419527.91 ,10510,
SN,20160511,108930,108780,108510,109960,107510,109550,108940,770,160,26656,290408.24 ,10458,
SN,20160512,109550,108940,110000,111300,109470,110820,110510,1880,1570,25600,282911.92 ,10052,
SN,20160513,110820,110510,110490,110650,107110,107500,108340,-3010,-2170,33972,368059.64 ,12194,
SN,20160516,107500,108340,107200,108670,106690,107860,107840,-480,-500,22214,239574.83 ,11836,
SN,20160517,107860,107840,107870,109000,106910,108220,108100,380,260,23502,254061.33 ,11586,
SN,20160518,108220,108100,107900,108630,106540,106580,107740,-1520,-360,24366,262527.57 ,12468,
SN,20160519,106580,107740,106120,107500,105730,106730,106670,-1010,-1070,22608,241168.37 ,12632,
SN,20160520,106730,106670,106440,107390,105210,107150,106570,480,-100,15350,163588.36 ,12250,
SN,20160523,107150,106570,108190,108190,105500,105930,106240,-640,-330,23870,253600.22 ,12360,
SN,20160524,105930,106240,104860,106210,104230,105510,105220,-730,-1020,19434,204497.90 ,12114,
SN,20160525,105510,105220,106000,106000,104600,104690,105050,-530,-170,15432,162120.29 ,12476,
SN,20160526,104690,105050,104800,106600,104500,106500,105510,1450,460,18336,193473.47 ,12030,
SN,20160527,106500,105510,106300,108380,105810,108310,106900,2800,1390,20132,215217.77 ,11134,
SN,20160530,108310,106900,108500,108870,107350,108000,107960,1100,1060,13538,146167.16 ,10840,
SN,20160531,108000,107960,107510,108980,107510,108650,108380,690,420,12918,140014.67 ,10220,
SN,20160601,108650,108380,108960,108960,106100,106150,107560,-2230,-820,19062,205043.28 ,10396,
SN,20160602,106150,107560,106210,108290,106200,108100,107450,540,-110,18218,195766.49 ,9736,
SN,20160603,108100,107450,108100,108270,107030,107540,107700,90,250,12176,131139.28 ,9940,
SN,20160606,107540,107700,108170,109790,108170,109300,108910,1600,1210,17152,186813.90 ,9944,
SN,20160607,109300,108910,109290,109840,108920,109510,109290,600,380,11530,126012.50 ,9698,
SN,20160608,109510,109290,109630,109690,108440,109270,109080,-20,-210,12394,135202.80 ,9606,
SN,20160613,109270,109080,109860,112000,109830,111570,111100,2490,2020,10064,111817.94 ,11152,
SN,20160614,111570,111100,112000,112070,110660,111890,111550,790,450,11692,130426.55 ,11636,
SN,20160615,111890,111550,111640,112000,111020,111760,111550,210,0,10592,118155.86 ,12166,
SN,20160616,111760,111550,112080,113270,111140,111440,112400,-110,850,16132,181336.99 ,11558,
SN,20160617,111440,112400,111810,113170,111280,112800,112030,400,-370,11516,129015.74 ,12476,
SN,20160620,112800,112030,113000,113500,111580,112300,112380,270,350,10244,115125.61 ,12552,
SN,20160621,112300,112380,112320,112340,110660,110920,111570,-1460,-810,13082,145963.45 ,12162,
SN,20160622,110920,111570,110850,111890,110100,111670,111280,100,-290,9574,106540.65 ,12360,
SN,20160623,111670,111280,111680,112290,110600,111480,111360,200,80,9548,106332.70 ,11930,
SN,20160624,111480,111360,111860,112890,110300,110600,111710,-760,350,18052,201668.37 ,11492,
SN,20160627,110600,111710,111010,113120,110740,112880,112220,1170,510,14422,161847.99 ,12964,
SN,20160628,112880,112220,111960,112800,111830,112600,112380,380,160,11936,134137.56 ,12496,
SN,20160629,112600,112380,113100,113450,111010,111630,112360,-750,-20,20096,225803.54 ,12188,
SN,20160630,111630,112360,112000,113080,111670,112770,112390,410,30,14328,161038.65 ,12436,
SN,20160701,112770,112390,112690,118000,112050,118000,115310,5610,2920,34210,394494.51 ,18104,
SN,20160704,118000,115310,119000,124000,117000,122770,120870,7460,5560,58638,708810.81 ,16964,
SN,20160705,122770,120870,124380,125690,117810,120330,121460,-540,590,61288,744423.02 ,15818,
SN,20160706,120330,121460,121280,121450,115800,117270,118070,-4190,-3390,45218,533891.31 ,14662,
SN,20160707,117270,118070,116800,119500,116030,116920,118160,-1150,90,33606,397101.36 ,13898,
SN,20160708,116920,118160,117880,117880,113840,114900,115710,-3260,-2450,24224,280303.80 ,12776,
SN,20160711,114900,115710,115800,119250,114860,117570,117090,1860,1380,29320,343311.30 ,13176,
SN,20160712,117570,117090,118080,120500,117370,119840,118990,2750,1900,29438,350303.67 ,14454,
SN,20160713,119840,118990,120190,122000,118170,119070,119900,80,910,46426,556659.11 ,14916,
SN,20160714,119070,119900,119440,119600,117510,118000,118310,-1900,-1590,24542,290378.25 ,14700,
SN,20160715,118000,118310,118110,119840,118110,119730,118900,1420,590,27224,323718.79 ,15270,
SN,20160718,119730,118900,120330,120880,117030,117030,118570,-1870,-330,25786,305748.59 ,15134,
SN,20160719,117030,118570,117890,118180,116710,117350,117550,-1220,-1020,22642,266172.03 ,15238,
SN,20160720,117350,117550,117350,118500,116800,118090,117760,540,210,23416,275766.10 ,15310,
SN,20160721,118090,117760,117660,119490,117150,118800,118200,1040,440,21418,253169.87 ,15454,
SN,20160722,118800,118200,118800,119800,117500,117960,118730,-240,530,23504,279078.52 ,14860,
SN,20160725,117960,118730,118080,118490,116810,117530,117570,-1200,-1160,13780,162017.25 ,14346,
SN,20160726,117530,117570,117620,118500,116890,118130,117850,560,280,16832,198377.51 ,14430,
SN,20160727,118130,117850,118110,121900,117920,120900,120210,3050,2360,38912,467773.66 ,16556,
SN,20160728,120900,120210,121000,121560,120280,121340,121010,1130,800,22488,272130.37 ,16528,
SN,20160729,121340,121010,122310,122370,119220,120070,120530,-940,-480,17634,212542.78 ,15592,
SN,20160801,120070,120530,120360,120400,118500,119760,119530,-770,-1000,16140,192923.68 ,14850,
SN,20160802,119760,119530,119820,120830,118830,120540,119930,1010,400,13230,158679.90 ,14722,
SN,20160803,120540,119930,120680,121180,119140,119470,119950,-460,20,13300,159538.06 ,14040,
SN,20160804,119470,119950,119660,119730,117580,117730,118440,-2220,-1510,15616,184956.36 ,13472,
SN,20160805,117730,118440,117450,120790,117450,120300,119400,1860,960,15730,187828.11 ,12912,
SN,20160808,120300,119400,120340,122300,119500,122200,120790,2800,1390,15974,192961.54 ,13970,
SN,20160809,122200,120790,121300,122600,120800,122440,121640,1650,850,11064,134589.65 ,14234,
SN,20160810,122440,121640,122570,125500,122170,124650,124080,3010,2440,19078,236727.31 ,15190,
SN,20160811,124650,124080,125000,125950,123330,123620,124630,-460,550,20646,257312.27 ,14460,
SN,20160812,123620,124630,123180,124500,122800,124330,123730,-300,-900,12300,152200.01 ,13784,
SN,20160815,124330,123730,123800,123980,121820,122270,122520,-1460,-1210,11544,141439.91 ,12160,
SN,20160816,122270,122520,122320,124000,122270,123450,123310,930,790,9848,121441.92 ,12300,
SN,20160817,123450,123310,123160,123960,122340,122480,123190,-830,-120,7600,93625.94 ,11708,
SN,20160818,122480,123190,122920,122920,120730,121180,121820,-2010,-1370,11854,144414.62 ,10192,
SN,20160819,121180,121820,121710,123050,121320,122000,122140,180,320,7898,96469.60 ,9600,
SN,20160822,122000,122140,122340,122820,121630,121840,122300,-300,160,9078,111030.24 ,8792,
SN,20160823,121840,122300,121940,122490,121120,121750,121740,-550,-560,5376,65451.07 ,8642,
SN,20160824,121750,121740,121830,124490,121830,124120,123240,2380,1500,9562,117851.30 ,8546,
SN,20160825,124120,123240,124610,124610,121480,122610,122820,-630,-420,8742,107376.32 ,7860,
SN,20160826,122610,122820,122120,123470,122120,122910,122850,90,30,4088,50222.79 ,7510,
SN,20160829,122910,122850,123420,123890,122780,123510,123480,660,630,2950,36428.71 ,7110,
SN,20160830,123510,123480,122820,123750,122540,122690,123070,-790,-410,2814,34631.97 ,6726,
SN,20160831,124750,124740,124510,124780,123210,123750,124050,-990,-690,8324,103261.33 ,7902,
SN,20160901,123750,124050,124070,125720,124020,125220,125110,1170,1060,13978,174889.31 ,10066,
SN,20160902,125220,125110,125600,128400,125120,128200,126910,3090,1800,28432,360832.95 ,13398,
SN,20160905,128200,126910,128010,129210,127910,128200,128440,1290,1530,17292,222099.83 ,14058,
SN,20160906,128200,128440,128780,128820,126380,127520,127320,-920,-1120,16490,209954.41 ,13610,
SN,20160907,127520,127320,127900,128060,126650,128050,127350,730,30,15564,198212.08 ,14830,
SN,20160908,128050,127350,128280,128490,126470,127280,127470,-70,120,14396,183516.20 ,14458,
SN,20160909,127280,127470,127530,127930,127000,127110,127390,-360,-80,10798,137557.98 ,13920,
SN,20160912,127110,127390,126950,127100,122010,122470,124520,-4920,-2870,31128,387619.44 ,11380,
SN,20160913,122470,124520,122800,123600,122240,122690,122950,-1830,-1570,16680,205084.52 ,11082,
SN,20160914,122690,122950,123020,123540,121800,122750,122480,-200,-470,16640,203818.63 ,11440,
SN,20160919,122750,122480,122550,125880,122550,123780,123980,1300,1500,11860,147051.20 ,10378,
SN,20160920,123780,123980,124680,124960,124120,124530,124500,550,520,8984,111852.38 ,10814,
SN,20160921,124530,124500,124640,125800,123840,124380,124490,-120,-10,14508,180611.82 ,11156,
SN,20160922,124380,124490,123670,126780,123300,126220,125310,1730,820,19236,241052.82 ,10726,
SN,20160923,126220,125310,126690,127500,125960,127060,126670,1750,1360,15974,202355.44 ,11940,
SN,20160926,127060,126670,127300,128240,126300,127010,127220,340,550,15118,192337.91 ,11574,
SN,20160927,127010,127220,127500,127980,125350,127330,126610,110,-610,15858,200783.73 ,10936,
SN,20160928,127330,126610,127330,127740,126230,127500,126940,890,330,12554,159367.04 ,11712,
SN,20160929,127500,126940,127680,129920,127350,128160,128530,1220,1590,23066,296487.40 ,12616,
SN,20160930,128160,128530,127910,129170,127670,128700,128500,170,-30,11260,144700.05 ,12182,
SN,20161010,128700,128500,128740,129740,126670,129370,128180,870,-320,12158,155846.45 ,12742,
SN,20161011,129370,128180,128890,130200,128810,129890,129510,1710,1330,13380,173284.49 ,14622,
SN,20161012,129890,129510,129500,129510,127750,129000,128640,-510,-870,15776,202952.46 ,13804,
SN,20161013,129000,128640,129200,129580,127800,128100,128640,-540,0,11774,151466.47 ,14010,
SN,20161014,128100,128640,127830,128400,126800,126900,127510,-1740,-1130,15718,200429.15 ,12778,
SN,20161017,126900,127510,126980,128680,126910,128210,127870,700,360,13464,172177.62 ,12130,
SN,20161018,128210,127870,128110,129370,127190,128740,128330,870,460,14032,180073.59 ,13378,
SN,20161019,128740,128330,129160,129560,128500,128760,129000,430,670,12270,158286.45 ,13358,
SN,20161020,128760,129000,129100,129930,128560,129570,129390,570,390,15344,198537.36 ,14540,
SN,20161021,129570,129390,129160,132100,129120,131980,131010,2590,1620,37166,486927.62 ,20338,
SN,20161024,131980,131010,131970,132480,131200,132350,131790,1340,780,18560,244618.08 ,20172,
SN,20161025,132350,131790,132890,134640,132350,134190,133720,2400,1930,24972,333931.06 ,20534,
SN,20161026,134190,133720,134190,135900,132640,133350,134120,-370,400,21938,294242.90 ,19196,
SN,20161027,133350,134120,133960,134490,132270,133100,133560,-1020,-560,15958,213139.39 ,19130,
SN,20161028,133100,133560,133390,135880,132750,135670,134360,2110,800,19928,267771.85 ,20470,
SN,20161031,135670,134360,135490,136320,134100,135360,134840,1000,480,17586,237140.91 ,19038,
SN,20161101,135360,134840,135990,138140,134550,137600,136210,2760,1370,27244,371103.25 ,19692,
SN,20161102,137600,136210,137540,137980,135450,135680,136950,-530,740,20424,279718.11 ,18352,
SN,20161103,135680,136950,135820,138130,135500,137970,136680,1020,-270,13188,180254.53 ,18790,
SN,20161104,137970,136680,138300,143410,138240,142710,140390,6030,3710,42886,602100.25 ,21298,
SN,20161107,142710,140390,141990,147400,140910,147400,144300,7010,3910,36322,524139.84 ,21304,
SN,20161108,147400,144300,146900,154970,146680,150240,150520,5940,6220,61552,926492.24 ,19942,
SN,20161109,150240,150520,150630,154180,146500,149890,150770,-630,250,59814,901831.78 ,20036,
SN,20161110,149890,150770,150780,155520,149150,153700,153020,2930,2250,75396,1153741.13 ,21372,
SN,20161111,153700,153020,153800,154400,150250,152980,152160,-40,-860,41616,633252.78 ,20550,
SN,20161114,152980,152160,152850,157310,143030,146410,148790,-5750,-3370,72138,1073376.49 ,17042,
SN,20161115,146410,148790,146010,152500,142500,143950,147590,-4840,-1200,48160,710829.71 ,16380,
SN,20161116,143950,147590,143680,146110,142660,145030,144680,-2560,-2910,25136,363673.92 ,16684,
SN,20161117,145030,144680,144230,144960,141140,141520,142500,-3160,-2180,24414,347921.34 ,16284,
SN,20161118,141520,142500,142490,144650,139070,140380,142120,-2120,-380,28830,409738.66 ,16468,
SN,20161121,140380,142120,141500,145070,138500,143390,141830,1270,-290,31542,447362.71 ,15630,
SN,20161122,143390,141830,144000,149210,143180,147450,146290,5620,4460,30884,451813.28 ,15794,
SN,20161123,147450,146290,147820,148380,145450,146970,147050,680,760,21410,314855.30 ,15662,
SN,20161124,146970,147050,146900,151000,146000,146700,148170,-350,1120,43068,638174.09 ,15512,
SN,20161125,146700,148170,147140,148320,143220,145820,146200,-2350,-1970,24014,351092.77 ,15362,
SN,20161128,145820,146200,145160,149050,144210,149050,146880,2850,680,26528,389664.60 ,15336,
SN,20161129,149050,146880,148060,149390,142270,142650,146160,-4230,-720,29468,430716.20 ,14376,
SN,20161130,142650,146160,143520,143740,137350,140110,141170,-6050,-4990,28296,399458.19 ,14584,
SN,20161201,140110,141170,142600,146760,141130,145740,143690,4570,2520,27626,396961.05 ,14244,
SN,20161202,145740,143690,145000,145800,142200,143900,144210,210,520,18074,260661.87 ,13806,
SN,20161205,143900,144210,143900,145690,143190,144160,144380,-50,170,18412,265839.64 ,13418,
SN,20161206,144160,144380,144510,145500,143010,145000,144620,620,240,16538,239187.12 ,13200,
SN,20161207,145000,144620,145060,146600,143660,146060,144850,1440,230,18714,271082.09 ,13958,
SN,20161208,146060,144850,146210,147980,143990,144590,145790,-260,940,19464,283783.11 ,12876,
SN,20161209,144590,145790,145500,146310,142280,144050,144120,-1740,-1670,14892,214631.64 ,13166,
SN,20161212,144050,144120,144050,145550,143000,143280,144140,-840,20,12486,179985.38 ,13576,
SN,20161213,143280,144140,143670,148840,142330,148090,146020,3950,1880,21248,310264.38 ,14058,
SN,20161214,148090,146020,149500,149810,145880,148390,147890,2370,1870,18748,277278.05 ,13482,
SN,20161215,148390,147890,148850,150900,146590,150720,149190,2830,1300,18394,274433.31 ,13914,
SN,20161216,150720,149190,149220,150690,148620,148720,149760,-470,570,11304,169293.23 ,13242,
SN,20161219,148720,149760,148150,149880,144180,144210,147080,-5550,-2680,14578,214414.24 ,10990,
SN,20161220,144210,147080,143950,145150,142510,144150,143660,-2930,-3420,11690,167946.85 ,10672,
SN,20161221,144150,143660,145000,145350,143800,144430,144490,770,830,5616,81147.78 ,10548,
SN,20161222,144430,144490,144490,145170,143150,143150,143890,-1340,-600,8204,118050.59 ,10440,
SN,20161223,143150,143890,143020,145790,142320,143790,144110,-100,220,9856,142043.65 ,10108,
SN,20161226,143790,144110,144140,145110,137400,140520,141550,-3590,-2560,18122,256524.77 ,10248,
SN,20161227,140520,141550,141490,144950,140030,144950,141590,3400,40,7808,110561.01 ,8972,
SN,20161228,144950,141590,144470,146640,144060,146520,145460,4930,3870,7996,116315.40 ,7626,
SN,20161229,146520,145460,145700,148980,144550,146940,146220,1480,760,5976,87382.99 ,6590,
SN,20161230,147810,146810,147700,148370,145800,146820,146890,10,80,12402,182180.79 ,8344,
SN,20170103,146820,146890,147380,150790,146800,150270,149750,3380,2860,15106,226220.67 ,10962,
SN,20170104,150270,149750,150300,151860,148420,150720,150170,970,420,25698,385907.61 ,11748,
SN,20170105,150720,150170,150690,155560,149620,154930,151370,4760,1200,25876,391690.39 ,14332,
SN,20170106,154930,151370,153540,154480,151870,152900,153160,1530,1790,27994,428770.13 ,16016,
SN,20170109,152900,153160,153090,153800,152300,153260,153190,100,30,18838,288583.80 ,16688,
SN,20170110,153260,153190,153260,155810,152300,154800,154070,1610,880,26632,410331.41 ,18410,
SN,20170111,154800,154070,156000,156000,152660,153180,154210,-890,140,20568,317180.94 ,17184,
SN,20170112,153180,154210,152760,152960,147620,149590,150600,-4620,-3610,34190,514911.95 ,14814,
SN,20170113,149590,150600,149240,150790,148410,149200,149610,-1400,-990,18084,270570.95 ,13582,
SN,20170116,149200,149610,148980,152380,148980,150280,150730,670,1120,16638,250800.14 ,13032,
SN,20170117,150280,150730,150030,150940,145510,146840,148390,-3890,-2340,18968,281468.46 ,13326,
SN,20170118,146840,148390,146790,149070,146570,147710,147750,-680,-640,13972,206444.49 ,12996,
SN,20170119,147710,147750,147100,148780,147100,148200,147980,450,230,12098,179027.52 ,12336,
SN,20170120,148200,147980,148500,149040,144010,144080,146330,-3900,-1650,17896,261889.42 ,13506,
SN,20170123,144080,146330,143970,146210,143310,144820,144970,-1510,-1360,17298,250772.26 ,13222,
SN,20170124,144820,144970,144000,146820,143860,145560,145380,590,410,11690,169951.64 ,12490,
SN,20170125,145560,145380,146880,148730,145440,148220,147100,2840,1720,10542,155077.14 ,11430,
SN,20170126,148220,147100,148000,150000,145880,149030,147920,1930,820,8568,126746.01 ,10876,
SN,20170203,149030,147920,146010,148990,146010,146100,147150,-1820,-770,5784,85114.96 ,11128,
SN,20170206,146100,147150,146140,147070,145120,145510,146010,-1640,-1140,10614,154975.31 ,11946,
SN,20170207,145510,146010,144600,145890,143530,144600,144590,-1410,-1420,18212,263329.17 ,13624,
SN,20170208,144600,144590,142830,144710,142440,143960,143860,-630,-730,23812,342562.88 ,15130,
SN,20170209,143960,143860,143560,146760,143350,145730,145300,1870,1440,24580,357157.42 ,13956,
SN,20170210,145730,145300,146000,146470,145250,146040,145940,740,640,17978,262372.97 ,13292,
SN,20170213,146040,145940,146050,150580,146050,150350,148550,4410,2610,24744,367595.45 ,12428,
SN,20170214,150350,148550,150360,150800,149180,150750,150060,2200,1510,20138,302209.34 ,12824,
SN,20170215,150750,150060,151000,151670,147280,148500,148820,-1560,-1240,22100,328910.63 ,11774,
SN,20170216,148500,148820,149080,150340,148000,148510,149030,-310,210,19586,291897.78 ,11980,
SN,20170217,148510,149030,148440,148990,146140,146690,147840,-2340,-1190,15526,229541.01 ,11800,
SN,20170220,146690,147840,146690,148580,145660,147970,147060,130,-780,16770,246633.46 ,11706,
SN,20170221,147970,147060,148520,149730,147980,149000,148830,1940,1770,15798,235134.55 ,11932,
SN,20170222,149000,148830,149560,149560,147650,148150,148410,-680,-420,11680,173354.23 ,11570,
SN,20170223,148150,148410,147990,148460,145000,145200,146780,-3210,-1630,16352,240030.86 ,12796,
SN,20170224,145200,146780,145980,145990,144000,145530,145040,-1250,-1740,17000,246576.06 ,12688,
SN,20170227,145530,145040,145900,148230,145500,147020,146830,1980,1790,16250,238607.41 ,11624,
SN,20170228,147020,146830,147120,147900,145640,145750,146920,-1080,90,13362,196314.55 ,11906,
SN,20170301,145750,146920,145740,146750,145320,145980,146070,-940,-850,12504,182649.16 ,12280,
SN,20170302,145980,146070,146220,148410,146220,147650,147440,1580,1370,16406,241902.97 ,11594,
SN,20170303,147650,147440,147770,147770,145310,145900,146170,-1540,-1270,16420,240017.37 ,12184,
SN,20170306,145900,146170,145900,146500,144680,145090,145630,-1080,-540,16130,234903.27 ,12612,
SN,20170307,145090,145630,144960,145390,143750,144390,144680,-1240,-950,15228,220321.39 ,13716,
SN,20170308,144390,144680,144340,144400,142610,142880,143390,-1800,-1290,17132,245656.39 ,14792,
SN,20170309,142880,143390,142260,143350,139900,140930,141910,-2460,-1480,23170,328820.65 ,17046,
SN,20170310,140930,141910,140880,143240,138890,142890,141340,980,-570,24188,341878.36 ,16736,
SN,20170313,142890,141340,143110,145180,142310,145180,143610,3840,2270,24876,357262.89 ,14760,
SN,20170314,145180,143610,145320,145380,143760,144110,144490,500,880,12904,186450.53 ,13818,
SN,20170315,144110,144490,144200,146450,144000,145880,145700,1390,1210,21580,314435.99 ,13560,
SN,20170316,145880,145700,146440,147480,145810,147250,146760,1550,1060,13910,204154.22 ,12810,
SN,20170317,147250,146760,147800,147980,145900,146750,146820,-10,60,14650,215105.35 ,12860,
SN,20170320,146750,146820,147600,147800,146420,146950,147150,130,330,12224,179880.59 ,12882,
SN,20170321,146950,147150,147150,147530,145570,146580,146640,-570,-510,14932,218969.56 ,13148,
SN,20170322,146580,146640,147260,147320,145050,145790,146170,-850,-470,18074,264188.69 ,13292,
SN,20170323,145790,146170,146020,147110,145330,146550,146330,380,160,13976,204512.30 ,12958,
SN,20170324,146550,146330,146110,146860,145250,146330,146200,0,-130,14316,209303.31 ,13076,
SN,20170327,146330,146200,146140,146140,142120,142470,143920,-3730,-2280,19000,273451.36 ,13846,
SN,20170328,142470,143920,141800,144000,141150,142650,142580,-1270,-1340,17420,248384.43 ,13184,
SN,20170329,142650,142580,142820,144300,142150,143660,143410,1080,830,12884,184770.94 ,12450,
SN,20170330,143660,143410,143410,144100,142550,143000,143300,-410,-110,11778,168789.50 ,13136,
SN,20170331,143000,143300,142210,143920,142200,142680,143110,-620,-190,12830,183610.98 ,12680,
SN,20170405,142680,143110,142810,143990,141660,143350,143060,240,-50,9080,129903.43 ,12694,
SN,20170406,143350,143060,143340,146800,143340,146730,145050,3670,1990,16256,235803.98 ,12894,
SN,20170407,146730,145050,146730,147100,145300,145970,146130,920,1080,20114,293939.32 ,12186,
SN,20170410,145970,146130,145970,146340,145010,145220,145740,-910,-390,10504,153095.03 ,11728,
SN,20170411,145220,145740,145820,145880,141600,141630,143450,-4110,-2290,17252,247495.65 ,12484,
SN,20170412,141630,143450,141840,142590,140110,140800,141370,-2650,-2080,20156,284956.95 ,12810,
SN,20170413,140800,141370,141110,143090,140110,142360,141460,990,90,18824,266294.35 ,12282,
SN,20170414,142360,141460,142240,143470,140880,140970,142060,-490,600,11530,163801.09 ,12204,
SN,20170417,140970,142060,140960,143180,138260,142880,141250,820,-810,19336,273122.28 ,11372,
SN,20170418,142880,141250,141800,143130,141800,142300,142470,1050,1220,9488,135176.17 ,10796,
SN,20170419,142300,142470,142860,142880,139590,140580,140930,-1890,-1540,15186,214029.11 ,10980,
SN,20170420,140580,140930,141000,141980,138500,140960,140380,30,-550,17416,244498.61 ,10600,
SN,20170421,140960,140380,140220,141500,139490,139720,140490,-660,110,14112,198264.93 ,9844,
SN,20170424,139720,140490,138920,139730,135610,137220,137670,-3270,-2820,22442,308960.74 ,10448,
SN,20170425,137220,137670,136310,138390,136310,137610,137310,-60,-360,11912,163564.78 ,8598,
SN,20170426,138600,138350,138590,139340,137900,138290,138530,-60,180,8722,120831.47 ,12506,
SN,20170427,138290,138530,139030,142390,138890,141050,140850,2520,2320,12554,176830.38 ,11680,
SN,20170428,141050,140850,139100,142500,139100,142420,141590,1570,740,14648,207401.30 ,11512,
SN,20170502,142420,141590,142980,145790,142690,144660,144700,3070,3110,10510,152081.41 ,11370,
SN,20170503,144660,144700,144800,144800,142840,142960,143630,-1740,-1070,12948,185972.12 ,11418,
SN,20170504,142960,143630,142400,142440,140640,141580,141760,-2050,-1870,16926,239951.15 ,12212,
SN,20170505,141580,141760,141010,142730,140500,140700,141720,-1060,-40,18384,260546.93 ,12798,
SN,20170508,140700,141720,140700,141750,139610,139610,140670,-2110,-1050,18132,255078.02 ,13350,
SN,20170509,139610,140670,139810,142120,139810,141870,140970,1200,300,16882,237988.62 ,13698,
SN,20170510,141870,140970,141850,142630,141140,141230,141800,260,830,13262,188060.01 ,13502,
SN,20170511,141230,141800,141510,142350,140050,142250,141100,450,-700,17502,246967.95 ,13986,
SN,20170512,142250,141100,142600,143500,141700,142050,142230,950,1130,13882,197455.85 ,13856,
SN,20170515,142050,142230,142160,142390,140520,141600,141120,-630,-1110,17118,241575.50 ,13948,
SN,20170516,141600,141120,141030,142450,140230,141000,140910,-120,-210,18322,258178.46 ,14314,
SN,20170517,141000,140910,141020,143360,140700,143190,142070,2280,1160,20462,290715.06 ,15348,
SN,20170518,143190,142070,143190,144320,142490,143960,143590,1890,1520,19490,279873.52 ,16150,
SN,20170519,143960,143590,143590,144940,143300,144050,144240,460,650,17542,253039.94 ,16878,
SN,20170522,144050,144240,144820,147660,144390,145150,146010,910,1770,26512,387102.20 ,17480,
SN,20170523,145150,146010,145850,146190,144700,144990,145610,-1020,-400,15522,226027.62 ,18056,
SN,20170524,144990,145610,145010,145440,143850,144290,144630,-1320,-980,10020,144929.20 ,17920,
SN,20170525,144290,144630,144200,146000,143940,146000,144960,1370,330,13866,201009.76 ,19228,
SN,20170526,146000,144960,145980,146340,144580,144820,145470,-140,510,15314,222774.84 ,18486,
SN,20170531,144820,145470,144880,145480,142710,143240,143810,-2230,-1660,13220,190118.67 ,17678,
SN,20170601,143240,143810,143310,144500,142110,143660,143400,-150,-410,16312,233923.33 ,17822,
SN,20170602,143660,143400,143500,144100,142550,142710,143500,-690,100,11498,165007.04 ,18184,
SN,20170605,142710,143500,142090,143970,142090,142500,142920,-1000,-580,15698,224367.48 ,17746,
SN,20170606,142500,142920,142660,143650,141740,143300,142620,380,-300,15702,223956.00 ,19138,
SN,20170607,143300,142620,142900,144440,141400,141700,142800,-920,180,24842,354755.76 ,20194,
SN,20170608,141700,142800,141640,142300,140990,141810,141630,-990,-1170,17354,245792.87 ,19454,
SN,20170609,141810,141630,141290,142040,141170,142040,141620,410,-10,13662,193484.44 ,19044,
SN,20170612,142040,141620,141680,142500,141500,142190,142020,570,400,14584,207132.21 ,18744,
SN,20170613,142190,142020,142500,145660,141700,144860,143880,2840,1860,29214,420357.88 ,20618,
SN,20170614,144860,143880,144700,146280,144020,146260,145220,2380,1340,26028,377978.88 ,22212,
SN,20170615,146260,145220,145840,146180,144500,144790,145140,-430,-80,20584,298765.77 ,21236,
SN,20170616,144790,145140,144480,146200,144480,145600,145390,460,250,15758,229113.19 ,21356,
SN,20170619,145600,145390,145580,145760,143750,144440,144730,-950,-660,21724,314418.45 ,19834,
SN,20170620,144440,144730,144280,144820,142950,143230,143920,-1500,-810,13668,196715.50 ,19834,
SN,20170621,143230,143920,143090,143480,142210,142950,142890,-970,-1030,17716,253151.41 ,19914,
SN,20170622,142950,142890,143060,145170,143060,144700,144160,1810,1270,19460,280554.07 ,19678,
SN,20170623,144700,144160,144780,145360,143160,144440,144290,280,130,14338,206888.02 ,18970,
SN,20170626,144440,144290,144440,144650,142510,142880,143400,-1410,-890,13744,197092.18 ,20138,
SN,20170627,142880,143400,142880,143230,141740,142970,142460,-430,-940,14826,211220.40 ,20328,
SN,20170628,142970,142460,142880,144670,142830,144450,143710,1990,1250,16806,241527.62 ,19576,
SN,20170629,144450,143710,144450,145330,143920,145190,144750,1480,1040,14526,210268.81 ,20662,
SN,20170630,145190,144750,145440,146200,144850,145650,145510,900,760,17474,254265.41 ,21676,
SN,20170703,145650,145510,145730,145970,145000,145610,145500,100,-10,11030,160486.80 ,22158,
SN,20170704,145610,145500,145900,146600,144300,144760,145470,-740,-30,16606,241570.21 ,21638,
SN,20170705,144760,145470,144510,146120,144510,145530,145370,60,-100,11706,170178.92 ,22184,
SN,20170706,145530,145370,145150,145300,143740,143830,144260,-1540,-1110,14124,203764.39 ,21008,
SN,20170707,143830,144260,143900,144590,143800,144340,144170,80,-90,11220,161765.86 ,21052,
SN,20170710,144340,144170,144300,144850,142850,143420,143680,-750,-490,16618,238771.95 ,20488,
SN,20170711,143420,143680,143420,144790,143020,144750,143920,1070,240,13310,191566.47 ,20584,
SN,20170712,144750,143920,144640,145520,144520,145420,145080,1500,1160,15388,223257.82 ,20890,
SN,20170713,145420,145080,145700,146350,145000,145900,145720,820,640,12480,181862.64 ,22194,
SN,20170714,145900,145720,145520,145800,143310,143400,144390,-2320,-1330,19682,284188.80 ,20500,
SN,20170717,143400,144390,143750,145790,143310,145450,144660,1060,270,16670,241160.15 ,20572,
SN,20170718,145450,144660,145440,145780,144380,145600,145130,940,470,12746,184984.35 ,20420,
SN,20170719,145600,145130,145600,148240,145600,147400,146930,2270,1800,39350,578185.82 ,24884,
SN,20170720,147400,146930,146960,147490,146090,146260,146810,-670,-120,15154,222479.74 ,24540,
SN,20170721,146260,146810,146200,146690,145140,145500,145740,-1310,-1070,16600,241929.61 ,22394,
SN,20170724,145500,145740,145870,147300,145500,146540,146430,800,690,17574,257338.30 ,23108,
SN,20170725,146540,146430,146460,147280,146200,147050,146770,620,340,13634,200113.02 ,23532,
SN,20170726,147050,146770,147500,148400,146520,146840,147450,70,680,24546,361953.32 ,22866,
SN,20170727,146840,147450,146910,150570,146910,150320,148950,2870,1500,44936,669343.67 ,27864,
SN,20170728,150320,148950,150300,151500,148410,149080,150030,130,1080,36612,549314.53 ,25942,
SN,20170731,149080,150030,149410,150640,148800,149910,149990,-120,-40,20548,308201.29 ,25650,
SN,20170801,149910,149990,149780,149960,147210,147290,148420,-2700,-1570,17580,260929.57 ,24076,
SN,20170802,147290,148420,147290,147890,145790,146300,146420,-2120,-2000,16312,238843.74 ,23038,
SN,20170803,146300,146420,146480,147960,146320,147360,147230,940,810,10982,161695.58 ,22050,
SN,20170804,147360,147230,147980,148980,147500,148410,148230,1180,1000,14934,221376.79 ,21022,
SN,20170807,148410,148230,148920,148920,147090,147990,147750,-240,-480,12294,181649.09 ,20900,
SN,20170808,147990,147750,147990,148850,146200,146860,147560,-890,-190,15868,234160.82 ,20870,
SN,20170809,146860,147560,146560,147560,146240,147470,147000,-90,-560,23510,345605.95 ,21148,
SN,20170810,147470,147000,147830,148400,146350,147400,147280,400,280,17184,253095.97 ,20278,
SN,20170811,147400,147280,147190,147540,144590,145550,146260,-1730,-1020,17490,255815.39 ,20218,
SN,20170814,145550,146260,145740,146200,144200,144200,145220,-2060,-1040,11820,171656.19 ,20216,
SN,20170815,144200,145220,143050,145290,143050,144700,144530,-520,-690,10006,144624.71 ,19568,
SN,20170816,144700,144530,144140,145500,143010,143410,143790,-1120,-740,13132,188834.91 ,19226,
SN,20170817,143410,143790,143200,146180,143200,145540,145070,1750,1280,20348,295201.81 ,17130,
SN,20170818,145540,145070,145340,145340,143900,144700,144580,-370,-490,10484,151580.39 ,16320,
SN,20170821,144700,144580,144820,145530,144100,144700,144820,120,240,12170,176253.06 ,15888,
SN,20170822,144700,144820,144440,145250,144050,144510,144640,-310,-180,11220,162296.22 ,15598,
SN,20170823,144510,144640,144930,144930,141810,142340,142770,-2300,-1870,16306,232804.69 ,15408,
SN,20170824,142340,142770,142840,143920,142540,143660,143350,890,580,10404,149143.80 ,13902,
SN,20170825,143660,143350,144440,144440,143270,143700,143770,350,420,10480,150678.54 ,13656,
SN,20170828,143700,143770,143660,144290,142240,144110,143250,340,-520,10778,154405.48 ,12810,
SN,20170829,144110,143250,144490,145500,143620,144330,144660,1080,1410,10816,156471.28 ,11318,
SN,20170830,147310,147600,147520,147880,146100,146270,146800,-1330,-800,9048,132828.72 ,13148,
SN,20170831,146270,146800,145810,148470,145610,147970,147410,1170,610,16154,238141.36 ,15290,
SN,20170901,147970,147410,148200,148390,147270,147650,147730,240,320,11858,175179.91 ,15560,
SN,20170904,147650,147730,147420,148790,147400,147540,147950,-190,220,20622,305105.05 ,16104,
SN,20170905,147540,147950,147710,147890,146360,146630,147020,-1320,-930,14502,213217.48 ,16868,
SN,20170906,146630,147020,146470,146970,145400,145500,146250,-1520,-770,15210,222451.47 ,18026,
SN,20170907,145500,146250,145680,145940,144810,144920,145250,-1330,-1000,13788,200271.05 ,18656,
SN,20170908,144920,145250,145100,145750,143700,144700,144940,-550,-310,18120,262635.33 ,18990,
SN,20170911,144700,144940,144860,145200,143120,144650,144230,-290,-710,16992,245086.28 ,19048,
SN,20170912,144650,144230,144320,145470,144320,145060,144770,830,540,12872,186358.95 ,19450,
SN,20170913,145060,144770,144750,145370,144520,145150,145050,380,280,10368,150390.29 ,18852,
SN,20170914,145150,145050,144800,145950,143830,144370,144860,-680,-190,16908,244942.43 ,18590,
SN,20170915,144370,144860,145000,145370,142660,142900,144000,-1960,-860,16592,238925.48 ,20148,
SN,20170918,142900,144000,143290,144860,142440,144300,143690,300,-310,13812,198477.08 ,19404,
SN,20170919,144300,143690,144040,145890,143940,145270,144980,1580,1290,14156,205244.23 ,19374,
SN,20170920,145270,144980,145980,146590,145110,146220,145790,1240,810,13742,200354.75 ,19194,
SN,20170921,146220,145790,146070,146590,144300,144770,145450,-1020,-340,17334,252136.20 ,18498,
SN,20170922,144770,145450,144770,145180,143200,144200,144070,-1250,-1380,18858,271699.64 ,17992,
SN,20170925,144200,144070,144820,146180,143790,145350,145070,1280,1000,19596,284289.90 ,18656,
SN,20170926,145350,145070,145490,147200,145340,147200,146460,2130,1390,16312,238908.92 ,19156,
SN,20170927,147200,146460,146510,147450,146300,147260,146920,800,460,13112,192643.47 ,19096,
SN,20170928,147260,146920,147130,147330,145820,146320,146320,-600,-600,12634,184871.18 ,17820,
SN,20170929,146320,146320,146380,147130,146230,146840,146620,520,300,9678,141903.61 ,17644,
SN,20171009,146840,146620,146380,148400,145520,148300,147550,1680,930,11256,166092.30 ,19210,
SN,20171010,148300,147550,148030,148580,146500,146750,147440,-800,-110,15268,225118.18 ,19038,
SN,20171011,146750,147440,147050,147370,145610,145760,146480,-1680,-960,15476,226705.18 ,19256,
SN,20171012,145760,146480,145800,146580,145050,146320,145660,-160,-820,16908,246289.71 ,18862,
SN,20171013,146320,145660,146430,147200,146030,146920,146550,1260,890,10754,157604.24 ,18470,
SN,20171016,146920,146550,146780,148000,146560,147880,147320,1330,770,18636,274552.30 ,19412,
SN,20171017,147880,147320,147800,147970,146730,147090,147320,-230,0,12750,187838.39 ,19016,
SN,20171018,147090,147320,146900,146900,145210,145480,146090,-1840,-1230,15880,231992.44 ,19716,
SN,20171019,145480,146090,144840,145400,144380,144740,144890,-1350,-1200,12582,182305.16 ,19862,
SN,20171020,144740,144890,144120,145100,144060,144600,144510,-290,-380,14308,206775.76 ,20718,
SN,20171023,144600,144510,144360,144970,143700,144750,144170,240,-340,16506,237972.96 ,21028,
SN,20171024,144750,144170,144450,145650,144330,145020,144940,850,770,11500,166686.57 ,20554,
SN,20171025,145020,144940,145130,145260,144700,145010,144900,70,-40,7914,114675.90 ,20216,
SN,20171026,145010,144900,145230,145900,144800,145210,145340,310,440,8952,130111.14 ,20194,
SN,20171027,145210,145340,145410,145410,143700,143710,144490,-1630,-850,12358,178567.17 ,20642,
SN,20171030,143710,144490,143610,144970,143130,143700,144030,-790,-460,8400,120990.45 ,20368,
SN,20171031,143700,144030,143800,144140,142760,143680,143450,-350,-580,11760,168699.19 ,21184,
SN,20171101,143680,143450,142920,145510,140970,144410,142970,960,-480,34374,491452.51 ,21770,
SN,20171102,144410,142970,144930,144930,143560,144160,144220,1190,1250,14418,207949.62 ,21004,
SN,20171103,144160,144220,143340,144400,143340,143920,144020,-300,-200,7568,108996.43 ,20710,
SN,20171106,143920,144020,143920,144500,143500,144220,144050,200,30,9876,142264.62 ,20106,
SN,20171107,144220,144050,144210,144380,142600,142720,143260,-1330,-790,15786,226155.79 ,22056,
SN,20171108,142720,143260,142880,143050,141420,141750,142240,-1510,-1020,13082,186090.25 ,22986,
SN,20171109,141750,142240,141600,142690,141230,142080,141950,-160,-290,12164,172673.18 ,22630,
SN,20171110,142080,141950,142030,144180,141840,143900,143260,1950,1310,17550,251423.97 ,21112,
SN,20171113,143900,143260,143900,144490,143120,143820,143750,560,490,10778,154934.83 ,20320,
SN,20171114,143820,143750,143110,144800,142850,144010,143900,260,150,12116,174357.05 ,20024,
SN,20171115,144010,143900,144010,144070,141900,143010,142880,-890,-1020,16050,229323.56 ,20196,
SN,20171116,143010,142880,143220,143800,142810,143110,143280,230,400,10142,145317.91 ,20016,
SN,20171117,143110,143280,143770,143890,142300,142480,142880,-800,-400,10220,146027.16 ,20202,
SN,20171120,142480,142880,142400,143470,142330,142650,142820,-230,-60,8444,120605.03 ,19790,
SN,20171121,142650,142820,142880,143400,142210,142940,142880,120,60,10768,153858.61 ,19802,
SN,20171122,142940,142880,142940,143500,142390,142750,142840,-130,-40,9056,129356.70 ,20094,
SN,20171123,142750,142840,142710,142960,141150,141700,142060,-1140,-780,15402,218802.17 ,21838,
SN,20171124,141700,142060,141780,143330,141620,143280,142470,1220,410,13624,194111.47 ,20960,
SN,20171127,143280,142470,143800,144000,142910,143120,143260,650,790,13264,190020.60 ,19930,
SN,20171128,143120,143260,143120,143730,142660,142960,143180,-300,-80,12718,182103.25 ,19834,
SN,20171129,142960,143180,142930,143070,142230,142420,142750,-760,-430,9878,141013.87 ,19858,
SN,20171130,142420,142750,142420,142950,141410,141590,142060,-1160,-690,13762,195514.44 ,20030,
SN,20171201,141590,142060,142010,142090,140200,140670,141050,-1390,-1010,16116,227331.11 ,20932,
SN,20171204,140670,141050,140950,141980,140210,141700,141310,650,260,11336,160200.31 ,19702,
SN,20171205,141700,141310,141500,141850,140300,140350,141140,-960,-170,8796,124150.73 ,19744,
SN,20171206,140350,141140,140190,141000,139200,140750,140090,-390,-1050,12178,170604.26 ,18858,
SN,20171207,140750,140090,141100,141100,139330,139700,140160,-390,70,8680,121663.60 ,18444,
SN,20171208,139700,140160,139880,140280,139020,139230,139540,-930,-620,10160,141778.22 ,19084,
SN,20171211,139230,139540,139220,139500,137600,137600,138660,-1940,-880,13386,185613.08 ,19772,
SN,20171212,137600,138660,137710,138480,136010,137340,137040,-1320,-1620,25698,352167.48 ,19640,
SN,20171213,137340,137040,137000,137560,133550,134120,135480,-2920,-1560,22896,310212.59 ,22034,
SN,20171214,134120,135480,133330,135640,132410,134600,134020,-880,-1460,29384,393822.17 ,19706,
SN,20171215,134600,134020,134600,135300,134100,134390,134540,370,520,12766,171757.25 ,18514,
SN,20171218,134390,134540,135050,137850,134970,137420,136240,2880,1700,19682,268165.99 ,16628,
SN,20171219,137420,136240,137570,138380,137000,137150,137620,910,1380,10932,150452.66 ,14814,
SN,20171220,137150,137620,137160,138500,136850,137990,137730,370,110,9976,137402.07 ,13522,
SN,20171221,137990,137730,138380,139300,137640,137980,138260,250,530,9302,128618.54 ,12628,
SN,20171222,137980,138260,137990,138340,137190,137680,137730,-580,-530,6884,94819.84 ,11838,
SN,20171225,140500,140480,140040,141700,140040,141300,140980,820,500,7134,100576.35 ,14294,
SN,20171226,141300,140980,141300,143210,140610,143210,141810,2230,830,9920,140676.60 ,15530,
SN,20171227,143210,141810,143220,143500,142350,142890,142860,1080,1050,6614,94493.13 ,15380,
SN,20171228,142890,142860,143030,144460,142610,144390,143150,1530,290,11290,161626.88 ,16068,
SN,20171229,144390,143150,144100,145000,143590,144840,144450,1690,1300,15210,219723.39 ,16212,
SN,20180102,144840,144450,145060,146740,144510,145940,145910,1490,1460,8176,0,16690,478
SN,20180103,145940,145910,146150,146350,144590,145050,145280,-860,-630,9410,0,17224,534
SN,20180104,145050,145280,145500,145640,144130,145310,144930,30,-350,9820,0,17392,168
SN,20180105,145310,144930,145410,145800,144400,145600,145060,670,130,9058,0,17770,378
SN,20180108,145600,145060,145490,145670,144340,144610,144990,-450,-70,8574,0,17708,-62
SN,20180109,144610,144990,144610,144890,143610,144620,144340,-370,-650,10634,0,18044,336
SN,20180110,144620,144340,144700,145560,144550,145300,145070,960,730,12054,0,17964,-80
SN,20180111,145300,145070,145500,146350,145100,145150,145640,80,570,9632,0,18074,110
SN,20180112,145150,145640,145380,145870,144740,145400,145330,-240,-310,12388,0,18226,152
SN,20180115,145400,145330,145560,145680,144670,144840,145200,-490,-130,12438,0,17774,-452
SN,20180116,144840,145200,145080,145790,144750,144970,145230,-230,30,11520,0,17484,-290
SN,20180117,144970,145230,145000,145570,144500,144730,144970,-500,-260,12492,0,17296,-188
SN,20180118,144730,144970,144730,145140,143630,143770,144420,-1200,-550,14194,0,18078,782
SN,20180119,143770,144420,143980,146090,143630,146050,144630,1630,210,21040,0,18632,554
SN,20180122,146050,144630,145980,146880,145340,146690,146110,2060,1480,15690,0,19782,1150
SN,20180123,146690,146110,146560,147060,145900,146900,146570,790,460,11720,0,19552,-230
SN,20180124,146900,146570,146850,146900,146180,146600,146530,30,-40,7120,0,19580,28
SN,20180125,146600,146530,146970,148030,146800,146890,147500,360,970,15548,0,20370,790
SN,20180126,146890,147500,147000,147850,146590,147090,147310,-410,-190,12440,0,20760,390
SN,20180129,147090,147310,148060,151470,148050,150950,149810,3640,2500,42392,0,25642,4882
SN,20180130,150950,149810,151330,151390,149370,150020,150540,210,730,26498,0,25820,178
SN,20180131,150020,150540,150550,150880,148610,150150,149780,-390,-760,21794,0,25922,102
SN,20180201,150150,149780,150020,150200,148900,149270,149590,-510,-190,11710,0,24712,-1210
SN,20180202,149270,149590,149290,149850,148250,148690,149060,-900,-530,12292,0,24318,-394
SN,20180205,148690,149060,148960,150350,147430,150110,148930,1050,-130,20534,0,25616,1298
SN,20180206,150110,148930,150090,150760,149220,150000,150060,1070,1130,16792,0,25906,290
SN,20180207,150000,150060,150200,151940,149440,151250,151030,1190,970,28040,0,29086,3180
SN,20180208,151250,151030,151320,151930,149190,149360,150320,-1670,-710,27406,0,26142,-2944
SN,20180209,149360,150320,149360,149600,147000,147200,148560,-3120,-1760,24256,0,24166,-1976
SN,20180212,147200,148560,147000,147390,146030,146340,146610,-2220,-1950,17456,0,22872,-1294
SN,20180213,146340,146610,146740,147700,146310,146800,146850,190,240,10634,0,21824,-1048
SN,20180214,146800,146850,147180,149350,147010,148880,148410,2030,1560,15652,0,21880,56
SN,20180222,148880,148410,149000,149480,147100,147180,147810,-1230,-600,6846,0,22072,192
SN,20180223,147180,147810,147240,148350,146600,147310,147550,-500,-260,13820,0,22172,100
SN,20180226,147310,147550,147510,148140,146870,147480,147580,-70,30,13006,0,21758,-414
SN,20180227,147480,147580,147480,148480,147010,148250,147950,670,370,15940,0,22066,308
SN,20180228,148250,147950,147830,148830,147640,148070,148180,120,230,12418,0,22476,410
SN,20180301,148070,148180,148120,148500,147200,147330,147780,-850,-400,12466,0,22170,-306
SN,20180302,147330,147780,147120,147560,146520,147380,147000,-400,-780,9836,0,22184,14
SN,20180305,147380,147000,147120,148300,147110,147610,147650,610,650,10886,0,22132,-52
SN,20180306,147610,147650,147580,147790,146500,146590,147120,-1060,-530,15616,0,22828,696
SN,20180307,146590,147120,146930,147190,146150,146580,146620,-540,-500,13504,0,22992,164
SN,20180308,146580,146620,146720,146790,145610,145610,146010,-1010,-610,11944,0,23458,466
SN,20180309,145610,146010,145790,147300,145450,146460,146520,450,510,20568,0,23362,-96
SN,20180312,146460,146520,146350,147670,146030,146970,146990,450,470,13964,0,22356,-1006
SN,20180313,146970,146990,146920,147000,146100,146160,146550,-830,-440,11796,0,22198,-158
SN,20180314,146160,146550,146500,146680,145100,145170,145830,-1380,-720,19314,0,23532,1334
SN,20180315,145170,145830,145440,145600,144510,144870,144870,-960,-960,22916,0,23598,66
SN,20180316,144870,144870,144100,144820,143550,144720,144170,-150,-700,19212,0,22722,-876
SN,20180319,144720,144170,144700,145130,144120,144850,144670,680,500,13630,0,22692,-30
SN,20180320,144850,144670,144370,144540,143710,143750,144170,-920,-500,14298,0,22998,306
SN,20180321,143750,144170,143920,144630,143300,143320,144000,-850,-170,15426,0,23438,440
SN,20180322,143320,144000,143200,145030,143200,144820,144260,820,260,13844,0,22382,-1056
SN,20180323,144820,144260,144800,145260,137150,141480,143240,-2780,-1020,28390,0,22652,270
SN,20180326,141480,143240,141300,142670,141300,142260,142010,-980,-1230,17908,0,22050,-602
SN,20180327,142260,142010,142230,143230,141660,141920,142380,-90,370,13352,0,21556,-494
SN,20180328,141920,142380,142020,142240,140200,140690,141310,-1690,-1070,14830,0,22084,528
SN,20180329,140690,141310,141000,141780,140370,141780,140960,470,-350,13348,0,21550,-534
SN,20180330,141780,140960,141880,144680,141860,144680,142890,3720,1930,17146,0,20716,-834
SN,20180402,144680,142890,144760,146260,144050,146100,145260,3210,2370,19094,0,19222,-1494
SN,20180403,146100,145260,145820,146380,145120,145400,145580,140,320,13398,0,18408,-814
SN,20180404,145400,145580,145700,145820,145010,145250,145320,-330,-260,12180,0,17546,-862
SN,20180409,145250,145320,145120,145490,144010,144750,144600,-570,-720,11390,0,17112,-434
SN,20180410,144750,144600,144700,145380,144360,144650,144820,50,220,11582,0,16884,-228
SN,20180411,144650,144820,144810,145010,143780,144280,144280,-540,-540,11652,0,16686,-198
SN.SHF,2018/04/12,144280.0,144260.0,144290.0,142690.0,143160.0,14376.0,2060752180.0,None,-1120.0,-0.776268367064,1.10895481009,143346.701447,16916.0,230.0,144280.0,143340.0,-940.0,-0.651510950929,2018/04/12,2018/04/12
SN.SHF,2018/04/13,143160.0,143000.0,143690.0,142620.0,143130.0,13594.0,1944993220.0,None,-210.0,-0.14650481373,0.747415479184,143077.329704,15682.0,-1234.0,143340.0,143070.0,-270.0,-0.188363331938,2018/04/13,2018/04/13
SN.SHF,2018/04/16,143130.0,143220.0,144170.0,142610.0,144080.0,12688.0,1817154180.0,None,1010.0,0.705948137275,1.08991825613,143218.330706,14792.0,-890.0,143070.0,143210.0,140.0,0.0978541972461,2018/04/16,2018/04/16
SN.SHF,2018/04/17,144080.0,144080.0,145090.0,143550.0,144950.0,13188.0,1905052240.0,None,1740.0,1.21499895259,1.06885063853,144453.460722,13296.0,-1496.0,143210.0,144450.0,1240.0,0.865861322533,2018/04/17,2018/04/17
SN.SHF,2018/04/18,144950.0,147310.0,148320.0,146950.0,148230.0,7802.0,1151766800.0,None,1240.0,0.843594802368,0.945153501207,147624.557806,16950.0,3654.0,146990.0,147620.0,630.0,0.428600585074,2018/04/18,2018/04/18
SN.SHF,2018/04/19,148230.0,148630.0,149990.0,147530.0,148280.0,10650.0,1580574520.0,None,660.0,0.447093889717,1.65958308035,148410.753052,17404.0,454.0,147620.0,148410.0,790.0,0.535157837691,2018/04/19,2018/04/19
SN.SHF,2018/04/20,148280.0,147980.0,148760.0,147550.0,148480.0,8644.0,1281116340.0,None,70.0,0.0471666329762,0.816023738872,148208.73901,18364.0,960.0,148410.0,148200.0,-210.0,-0.141499898929,2018/04/20,2018/04/20
SN.SHF,2018/04/23,148480.0,148480.0,148880.0,147660.0,148150.0,12522.0,1856975860.0,None,-50.0,-0.0337381916329,0.821659482759,148297.065964,19258.0,894.0,148200.0,148290.0,90.0,0.0607287449393,2018/04/23,2018/04/23
SN.SHF,2018/04/24,148150.0,147690.0,147690.0,146090.0,146290.0,17904.0,2624658560.0,None,-2000.0,-1.3487086115,1.07998650017,146596.210903,19394.0,136.0,148290.0,146590.0,-1700.0,-1.14640231978,2018/04/24,2018/04/24
SN.SHF,2018/04/25,146290.0,146500.0,146880.0,145890.0,146100.0,10520.0,1541024880.0,None,-490.0,-0.334265638857,0.676737986192,146485.254753,19616.0,222.0,146590.0,146480.0,-110.0,-0.0750392250495,2018/04/25,2018/04/25
SN.SHF,2018/04/26,146100.0,146110.0,147390.0,146110.0,146760.0,14138.0,2076369340.0,None,280.0,0.191152375751,0.876112251882,146864.432027,20280.0,664.0,146480.0,146860.0,380.0,0.259421081376,2018/04/26,2018/04/26
SN.SHF,2018/04/27,146760.0,146740.0,148200.0,146740.0,147700.0,13832.0,2040063760.0,None,840.0,0.571973307912,0.994821477242,147488.704453,20934.0,654.0,146860.0,147480.0,620.0,0.422170774888,2018/04/27,2018/04/27
SN.SHF,2018/05/02,147700.0,147300.0,147680.0,146650.0,147400.0,7650.0,1125227060.0,None,-80.0,-0.0542446433415,0.697359512525,147088.504575,20818.0,-116.0,147480.0,147080.0,-400.0,-0.271223216707,2018/05/02,2018/05/02
SN.SHF,2018/05/03,147400.0,147400.0,147500.0,146850.0,147290.0,8706.0,1281266720.0,None,210.0,0.142779439761,0.440976933514,147170.539858,21808.0,990.0,147080.0,147170.0,90.0,0.0611911884689,2018/05/03,2018/05/03
SN.SHF,2018/05/04,147290.0,147440.0,148580.0,147440.0,147800.0,19200.0,2843833320.0,None,630.0,0.428076374261,0.773983298255,148116.31875,23854.0,2046.0,147170.0,148110.0,940.0,0.63871712985,2018/05/04,2018/05/04
SN.SHF,2018/05/07,147800.0,147610.0,147940.0,147200.0,147440.0,11828.0,1744186480.0,None,-670.0,-0.45236648437,0.500676589986,147462.502536,23748.0,-106.0,148110.0,147460.0,-650.0,-0.438863007224,2018/05/07,2018/05/07
SN.SHF,2018/05/08,147440.0,147500.0,147600.0,146000.0,146190.0,18912.0,2772442620.0,None,-1270.0,-0.861250508613,1.08518719479,146597.008249,24118.0,370.0,147460.0,146590.0,-870.0,-0.5899905059,2018/05/08,2018/05/08
SN.SHF,2018/05/09,146190.0,146200.0,146500.0,145370.0,145400.0,14434.0,2104950600.0,None,-1190.0,-0.81178798008,0.772966687188,145832.797561,24342.0,224.0,146590.0,145830.0,-760.0,-0.518452827614,2018/05/09,2018/05/09
SN.SHF,2018/05/10,145400.0,145390.0,146490.0,145220.0,146480.0,15710.0,2291207400.0,None,650.0,0.445724473702,0.873452544704,145843.882877,24646.0,304.0,145830.0,145840.0,10.0,0.00685729959542,2018/05/10,2018/05/10
SN.SHF,2018/05/11,146480.0,145400.0,145700.0,144900.0,145590.0,14502.0,2108330900.0,None,-250.0,-0.171420735052,0.546149645003,145382.078334,26294.0,1648.0,145840.0,145380.0,-460.0,-0.315414152496,2018/05/11,2018/05/11
SN.SHF,2018/05/14,145590.0,145560.0,146180.0,145390.0,146130.0,11976.0,1747048320.0,None,750.0,0.515889393314,0.542619685418,145879.118236,26874.0,580.0,145380.0,145870.0,490.0,0.337047736965,2018/05/14,2018/05/14
SN.SHF,2018/05/15,146130.0,145920.0,146350.0,145370.0,146290.0,11616.0,1694096640.0,None,420.0,0.287927606773,0.670635735304,145841.652893,26892.0,18.0,145870.0,145840.0,-30.0,-0.0205662576267,2018/05/15,2018/05/15
SN.SHF,2018/05/16,146290.0,145800.0,146480.0,145510.0,145710.0,10410.0,1518957380.0,None,-130.0,-0.0891387822271,0.663066511723,145913.292988,26392.0,-500.0,145840.0,145910.0,70.0,0.0479978058146,2018/05/16,2018/05/16
SN.SHF,2018/05/17,145710.0,145580.0,146250.0,145160.0,145940.0,11924.0,1738171940.0,None,30.0,0.02056061956,0.748061217487,145770.877222,26504.0,112.0,145910.0,145770.0,-140.0,-0.0959495579467,2018/05/17,2018/05/17
SN.SHF,2018/05/18,145940.0,145350.0,145600.0,144500.0,144980.0,17666.0,2563901080.0,None,-790.0,-0.541949646704,0.753734411402,145131.952904,28208.0,1704.0,145770.0,145130.0,-640.0,-0.439047815051,2018/05/18,2018/05/18
SN.SHF,2018/05/21,144980.0,144970.0,146250.0,144300.0,146220.0,16244.0,2363647000.0,None,1090.0,0.751050782057,1.34501310526,145508.926373,27402.0,-806.0,145130.0,145500.0,370.0,0.254943843451,2018/05/21,2018/05/21
SN.SHF,2018/05/22,146220.0,146000.0,146450.0,145660.0,145800.0,11960.0,1746895840.0,None,300.0,0.20618556701,0.5402817672,146061.525084,27754.0,352.0,145500.0,146060.0,560.0,0.384879725086,2018/05/22,2018/05/22
SN.SHF,2018/05/23,145800.0,145840.0,147290.0,145510.0,147260.0,17724.0,2594970020.0,None,1200.0,0.821580172532,1.22085048011,146409.953735,28840.0,1086.0,146060.0,146400.0,340.0,0.232781048884,2018/05/23,2018/05/23
SN.SHF,2018/05/24,147260.0,147100.0,148240.0,146730.0,148220.0,25526.0,3762570900.0,None,1820.0,1.24316939891,1.02539725655,147401.508266,30524.0,1684.0,146400.0,147400.0,1000.0,0.68306010929,2018/05/24,2018/05/24
SN.SHF,2018/05/25,148220.0,147710.0,148160.0,146400.0,146540.0,18790.0,2769564340.0,None,-860.0,-0.583446404342,1.18742409931,147395.654071,28214.0,-2310.0,147400.0,147390.0,-10.0,-0.0067842605156,2018/05/25,2018/05/25
SN.SHF,2018/05/28,146540.0,146470.0,150830.0,146370.0,150490.0,38814.0,5790328580.0,None,3100.0,2.10326345071,3.04353760066,149181.444324,35424.0,7210.0,147390.0,149180.0,1790.0,1.21446502476,2018/05/28,2018/05/28
SN.SHF,2018/05/29,150490.0,150460.0,155140.0,150010.0,154670.0,88052.0,13452835720.0,None,5490.0,3.68011797828,3.40886437637,152782.852405,45388.0,9964.0,149180.0,152780.0,3600.0,2.41319211691,2018/05/29,2018/05/29
SN.SHF,2018/05/30,154670.0,154180.0,157560.0,153000.0,153300.0,123228.0,19108220500.0,None,520.0,0.340358685692,2.94821232301,155063.950563,47476.0,2088.0,152780.0,155060.0,2280.0,1.49234192957,2018/05/30,2018/05/30
SN.SHF,2018/05/31,153300.0,153390.0,156500.0,153170.0,154990.0,82540.0,12794633680.0,None,-70.0,-0.0451438152973,2.17221135029,155011.311849,52610.0,5134.0,155060.0,155010.0,-50.0,-0.0322455823552,2018/05/31,2018/05/31
SN.SHF,2018/06/01,154990.0,155010.0,156500.0,153540.0,154830.0,70288.0,10886192060.0,None,-180.0,-0.116121540546,1.9098006323,154879.80964,51854.0,-756.0,155010.0,154870.0,-140.0,-0.0903167537578,2018/06/01,2018/06/01
SN.SHF,2018/06/04,154830.0,155000.0,155410.0,151450.0,151780.0,70880.0,10897419360.0,None,-3090.0,-1.99522179893,2.55764386747,153744.629797,48984.0,-2870.0,154870.0,153740.0,-1130.0,-0.729644217731,2018/06/04,2018/06/04
SN.SHF,2018/06/05,151780.0,151650.0,153800.0,150700.0,151710.0,59618.0,9062697580.0,None,-2030.0,-1.32041108365,2.04242983265,152012.77433,46490.0,-2494.0,153740.0,152010.0,-1730.0,-1.12527644074,2018/06/05,2018/06/05
SN.SHF,2018/06/06,151710.0,151900.0,153800.0,151750.0,152630.0,47098.0,7205835500.0,None,620.0,0.407867903427,1.35126227671,152996.634677,46146.0,-344.0,152010.0,152990.0,980.0,0.644694427998,2018/06/06,2018/06/06
SN.SHF,2018/06/07,152630.0,152830.0,155040.0,152300.0,153450.0,68998.0,10618554060.0,None,460.0,0.300673246617,1.79519098473,153896.548596,45492.0,-654.0,152990.0,153890.0,900.0,0.588273743382,2018/06/07,2018/06/07
SN.SHF,2018/06/08,153450.0,153780.0,154430.0,151540.0,152050.0,37108.0,5675512120.0,None,-1840.0,-1.19565923712,1.88334962529,152945.78312,43720.0,-1772.0,153890.0,152940.0,-950.0,-0.617324062642,2018/06/08,2018/06/08
SN.SHF,2018/06/11,152050.0,152230.0,153460.0,151630.0,152140.0,26188.0,3995561800.0,None,-800.0,-0.523080946777,1.20355146333,152572.239194,43560.0,-160.0,152940.0,152570.0,-370.0,-0.241924937884,2018/06/11,2018/06/11
SN.SHF,2018/06/12,152140.0,152400.0,153220.0,151320.0,151870.0,28800.0,4385200020.0,None,-700.0,-0.458805794062,1.24884974366,152263.889583,43456.0,-104.0,152570.0,152260.0,-310.0,-0.203185423084,2018/06/12,2018/06/12
SN.SHF,2018/06/13,151870.0,152180.0,152760.0,147220.0,147500.0,61236.0,9169821160.0,None,-4760.0,-3.12623144621,3.64785671956,149745.593442,38204.0,-5252.0,152260.0,149740.0,-2520.0,-1.65506370682,2018/06/13,2018/06/13
SN.SHF,2018/06/14,147500.0,147860.0,148480.0,147200.0,147430.0,38346.0,5669749200.0,None,-2310.0,-1.54267396821,0.867796610169,147857.643561,36632.0,-1572.0,149740.0,147850.0,-1890.0,-1.26218779217,2018/06/14,2018/06/14
SN.SHF,2018/06/15,147430.0,147750.0,148470.0,146630.0,147340.0,31592.0,4667332520.0,None,-510.0,-0.344944200203,1.248049922,147737.798177,34920.0,-1712.0,147850.0,147730.0,-120.0,-0.0811633412242,2018/06/15,2018/06/15
SN.SHF,2018/06/19,147340.0,147100.0,147100.0,144800.0,144840.0,22152.0,3222573180.0,None,-2890.0,-1.95627157652,1.56101533867,145475.495666,32950.0,-1970.0,147730.0,145470.0,-2260.0,-1.52981791105,2018/06/19,2018/06/19
SN.SHF,2018/06/20,144840.0,145000.0,146230.0,144600.0,146020.0,16856.0,2451949980.0,None,550.0,0.378084828487,1.12537972936,145464.521832,32480.0,-470.0,145470.0,145460.0,-10.0,-0.00687426960885,2018/06/20,2018/06/20
SN.SHF,2018/06/21,146020.0,146000.0,147300.0,145560.0,145740.0,19680.0,2880966900.0,None,280.0,0.192492781521,1.19161758663,146390.594512,32394.0,-86.0,145460.0,146390.0,930.0,0.639351024337,2018/06/21,2018/06/21
SN.SHF,2018/06/22,145740.0,146000.0,147300.0,145560.0,145740.0,19680.0,2880966900.0,None,280.0,0.192492781521,1.19161758663,146390.594512,32394.0,-86.0,145460.0,146390.0,930.0,0.639351024337,2018/06/21,2018/06/22
